returned_episode_lengths,returned_won_episode,test_returned_episode,update_steps,grad_steps,loss,_step,test_returned_episode_returns,env_step,returned_episode,_runtime,test_returned_episode_lengths,returned_episode_returns,qvals,test_returned_won_episode,_timestamp
30.18880271911621,0.0,1.0,15,0,0.0,14,0.008502827025949955,23040,0.0162760429084301,49.581521528,16.22243309020996,0.1059681624174118,0.0,0.0,1746418403.1143906
30.79427146911621,0.0,1.0,47,128,0.0019882405176758766,46,0.008502827025949955,72192,0.01497395895421505,57.115107828,16.22243309020996,0.11099176108837128,0.09078213572502136,0.0,1746418410.6478374
31.32421875,0.0,1.0,66,280,0.0039430842734873295,65,0.008502827025949955,101376,0.014322916977107525,64.793240105,16.22243309020996,0.1455158293247223,0.4608026146888733,0.0,1746418418.3260536
30.72786521911621,0.0,1.0,72,328,0.014753996394574642,71,0.008502827025949955,110592,0.01302083395421505,67.2096302,16.22243309020996,0.14316919445991516,0.5423249006271362,0.0,1746418420.742464
30.91145896911621,0.0,1.0,78,376,0.004452211782336235,77,0.008502827025949955,119808,0.01497395895421505,69.6345879,16.22243309020996,0.14363566040992737,0.5661108493804932,0.0,1746418423.1673763
30.799480438232422,0.0,1.0,83,416,0.010787096805870533,82,0.008502827025949955,127488,0.014322916977107525,71.649132817,16.22243309020996,0.13960498571395874,0.6169483661651611,0.0,1746418425.1819484
30.59505271911621,0.0,1.0,108,616,0.010256409645080566,107,0.008502827025949955,165888,0.01497395895421505,81.752297004,16.22243309020996,0.1315474808216095,0.7044697999954224,0.0,1746418435.2850816
31.84505271911621,0.0,1.0,122,728,0.0342986062169075,121,0.008502827025949955,187392,0.015625,87.404128547,16.22243309020996,0.1597997397184372,0.718004584312439,0.0,1746418440.9369166
31.5703125,0.0,1.0,135,832,0.021236920729279518,134,0.008502827025949955,207360,0.015625,92.654293459,16.22243309020996,0.17568592727184296,0.7175147533416748,0.0,1746418446.1870773
30.73958396911621,0.0,1.0,140,872,0.018844690173864365,139,0.008502827025949955,215040,0.015625,94.668724602,16.22243309020996,0.16163474321365356,0.7247152328491211,0.0,1746418448.201536
30.81770896911621,0.0,1.0,159,1024,0.025105338543653488,158,0.008502827025949955,244224,0.014322916977107525,102.345136199,16.22243309020996,0.15846163034439087,0.811948299407959,0.0,1746418455.877972
31.4921875,0.0,1.0,163,1056,0.04313608258962631,162,0.008502827025949955,250368,0.014322916977107525,103.967968708,16.22243309020996,0.1466793268918991,0.8306245803833008,0.0,1746418457.5006194
31.19661521911621,0.0,1.0,172,1128,0.06725575029850006,171,0.008502827025949955,264192,0.015625,107.612005815,16.22243309020996,0.17864692211151123,0.8588443398475647,0.0,1746418461.1448324
31.296875,0.0,1.0,182,1208,0.07178924977779388,181,0.008502827025949955,279552,0.015625,111.654931175,16.22243309020996,0.17130708694458008,0.8721058368682861,0.0,1746418465.1876974
31.576824188232422,0.0,1.0,183,1216,0.05803968012332916,182,0.008502827025949955,281088,0.01497395895421505,112.065712593,16.22243309020996,0.19413277506828308,0.8576308488845825,0.0,1746418465.5983553
31.25390625,0.0,1.0,215,1472,0.06691741943359375,214,0.008502827025949955,330240,0.015625,124.998855526,16.22243309020996,0.19949012994766235,0.8802465796470642,0.0,1746418478.531606
30.92317771911621,0.0,1.0,226,1560,0.05787131190299988,225,0.008502827025949955,347136,0.01497395895421505,129.435091853,16.22243309020996,0.1815986931324005,0.8875656127929688,0.0,1746418482.9678547
31.4609375,0.0,1.0,227,1568,0.05581259727478027,226,0.008502827025949955,348672,0.014322916977107525,129.840712012,16.22243309020996,0.187295064330101,0.885394275188446,0.0,1746418483.373489
31.36849021911621,0.0,1.0,228,1576,0.05014455318450928,227,0.008502827025949955,350208,0.015625,130.253265657,16.22243309020996,0.1867101639509201,0.8868072032928467,0.0,1746418483.7858264
30.920574188232422,0.0,1.0,232,1608,0.10585105419158936,231,0.008502827025949955,356352,0.01497395895421505,131.872408728,16.22243309020996,0.18929855525493622,0.9074872136116028,0.0,1746418485.4051573
30.5546875,0.0,1.0,237,1648,0.0586707666516304,236,0.008502827025949955,364032,0.014322916977107525,133.886443912,16.22243309020996,0.1900569051504135,0.8990460634231567,0.0,1746418487.4192476
31.10677146911621,0.0,1.0,251,1760,0.06367016583681107,250,0.008502827025949955,385536,0.01497395895421505,139.538015765,16.22243309020996,0.21001693606376648,0.9143003225326538,0.0,1746418493.0708232
31.307292938232422,0.0,1.0,270,1912,0.10298748314380646,269,0.008502827025949955,414720,0.01497395895421505,147.214506151,16.22243309020996,0.21482819318771362,0.9159544110298157,0.0,1746418500.7472634
31.48828125,0.0,1.0,287,2048,0.12410078942775726,286,0.008502827025949955,440832,0.015625,154.083998923,16.22243309020996,0.1899808645248413,0.91157466173172,0.0,1746418507.6167653
31.561199188232422,0.0,1.0,294,2104,0.09151524305343628,293,0.008502827025949955,451584,0.01497395895421505,156.904292505,16.22243309020996,0.20537512004375458,0.910576581954956,0.0,1746418510.4370852
31.5,0.0,1.0,306,2200,0.09584994614124298,305,0.008502827025949955,470016,0.015625,161.754822634,16.22243309020996,0.21078579127788544,0.9115042686462402,0.0,1746418515.2876365
31.48828125,0.0,1.0,309,2224,0.10124877095222473,308,0.008502827025949955,474624,0.01497395895421505,162.962838915,16.22243309020996,0.22132478654384613,0.9187130928039551,0.0,1746418516.4956539
31.4375,0.0,1.0,349,2544,0.09233301877975464,348,0.5160408020019531,536064,0.01497395895421505,179.234792081,53.243385314941406,0.17261163890361786,0.9526654481887817,0.0,1746418532.767581
31.61328125,0.0,1.0,351,2560,0.08611027151346207,350,0.5160408020019531,539136,0.013671875,180.040673547,53.243385314941406,0.21402180194854736,0.9677376747131348,0.0,1746418533.5734832
30.69140625,0.0,1.0,357,2608,0.1440042406320572,356,0.5160408020019531,548352,0.013671875,182.475079152,53.243385314941406,0.1851176917552948,0.97590571641922,0.0,1746418536.0076723
31.084636688232422,0.0,1.0,360,2632,0.12606625258922577,359,0.5160408020019531,552960,0.013671875,183.683469008,53.243385314941406,0.1817438304424286,0.9733379483222961,0.0,1746418537.2162676
31.43099021911621,0.0,1.0,370,2712,0.1425744891166687,369,0.5160408020019531,568320,0.01497395895421505,187.715376856,53.243385314941406,0.19118599593639374,0.9950459003448486,0.0,1746418541.2481415
31.651042938232422,0.0,1.0,381,2800,0.06391087919473648,380,0.5160408020019531,585216,0.01497395895421505,192.156162817,53.243385314941406,0.1594603955745697,0.9776486754417419,0.0,1746418545.6889749
31.346355438232422,0.0,1.0,395,2912,0.06823842972517014,394,0.5160408020019531,606720,0.01497395895421505,197.820761397,53.243385314941406,0.1477022022008896,1.0236053466796875,0.0,1746418551.3535545
31.6875,0.0,1.0,405,2992,0.06319049000740051,404,0.5160408020019531,622080,0.01497395895421505,201.856216876,53.243385314941406,0.15759634971618652,1.0348060131072998,0.0,1746418555.3889642
31.674480438232422,0.0,1.0,406,3000,0.06221529468894005,405,0.5160408020019531,623616,0.014322916977107525,202.258963737,53.243385314941406,0.13471825420856476,1.0570266246795654,0.0,1746418555.7917488
30.92578125,0.0,1.0,433,3216,0.13456091284751892,432,0.5160408020019531,665088,0.01171875,213.222863545,53.243385314941406,0.13699360191822052,1.0707447528839111,0.0,1746418566.7555637
30.27474021911621,0.0,1.0,435,3232,0.07800284028053284,434,0.5160408020019531,668160,0.013671875,214.03150853,53.243385314941406,0.13876299560070038,1.077393889427185,0.0,1746418567.564129
31.600261688232422,0.0,1.0,443,3296,0.06647495925426483,442,0.5160408020019531,680448,0.01497395895421505,217.255571013,53.243385314941406,0.13961198925971985,1.092712163925171,0.0,1746418570.7883842
31.7578125,0.0,1.0,468,3496,0.10268651694059372,467,0.5160408020019531,718848,0.013671875,227.340117502,53.243385314941406,0.11242841929197311,1.1185882091522217,0.0,1746418580.872823
32.20963668823242,0.0,1.0,481,3600,0.10260682553052902,480,0.5160408020019531,738816,0.01497395895421505,232.581886826,53.243385314941406,0.09826352447271347,1.1420974731445312,0.0,1746418586.1146958
31.963542938232422,0.0,1.0,484,3624,0.08730313926935196,483,0.5160408020019531,743424,0.015625,233.791973697,53.243385314941406,0.09327781200408936,1.1546154022216797,0.0,1746418587.3247197
31.48177146911621,0.0,1.0,495,3712,0.1268722116947174,494,0.5160408020019531,760320,0.01497395895421505,238.226960995,53.243385314941406,0.09346463531255722,1.1445972919464111,0.0,1746418591.7598016
31.76692771911621,0.0,1.0,506,3800,0.0988420844078064,505,0.5160408020019531,777216,0.01497395895421505,242.671535272,53.243385314941406,0.11741618812084198,1.148728370666504,0.0,1746418596.2042267
31.47395896911621,0.0,1.0,521,3920,0.12968412041664124,520,0.5160408020019531,800256,0.015625,248.719134694,53.243385314941406,0.089164137840271,1.1380736827850342,0.0,1746418602.251743
31.23177146911621,0.0,1.0,523,3936,0.11131623387336731,522,0.5160408020019531,803328,0.01497395895421505,249.525047989,53.243385314941406,0.09798356145620346,1.1478097438812256,0.0,1746418603.0578127
31.959636688232422,0.0,1.0,526,3960,0.09811852872371674,525,0.5160408020019531,807936,0.015625,250.73741648,53.243385314941406,0.08534537255764008,1.1177374124526978,0.0,1746418604.270224
31.97005271911621,0.0,1.0,531,4000,0.12845641374588013,530,0.5160408020019531,815616,0.015625,252.751752834,53.243385314941406,0.08941307663917542,1.1444129943847656,0.0,1746418606.2845623
29.4296875,0.0,1.0,533,4016,0.21299418807029724,532,0.5160408020019531,818688,0.01497395895421505,253.556795344,53.243385314941406,0.07367341965436935,1.116133451461792,0.0,1746418607.0896175
31.115886688232422,0.0,1.0,538,4056,0.12592872977256775,537,0.5160408020019531,826368,0.01497395895421505,255.580804539,53.243385314941406,0.07342298328876495,1.130908727645874,0.0,1746418609.1134403
31.7578125,0.0,1.0,541,4080,0.1824687421321869,540,0.5160408020019531,830976,0.015625,256.799777305,53.243385314941406,0.0716799944639206,1.1178934574127197,0.0,1746418610.3323824
32.317710876464844,0.0,1.0,555,4192,0.11029551923274994,554,0.5160408020019531,852480,0.01497395895421505,262.442710981,53.243385314941406,0.07766155898571014,1.122744083404541,0.0,1746418615.9755511
31.96484375,0.0,1.0,557,4208,0.12359753996133804,556,0.5160408020019531,855552,0.01497395895421505,263.252872421,53.243385314941406,0.08280958235263824,1.1181955337524414,0.0,1746418616.785627
31.73958396911621,0.0,1.0,582,4408,0.11977241933345795,581,0.5160408020019531,893952,0.01497395895421505,273.34521198,53.243385314941406,0.08096231520175934,1.1842149496078491,0.0,1746418626.8780189
31.05599021911621,0.0,1.0,589,4464,0.16011078655719757,588,0.5160408020019531,904704,0.01497395895421505,276.164078015,53.243385314941406,0.060880146920681,1.1973609924316406,0.0,1746418629.6969054
31.54427146911621,0.0,1.0,602,4568,0.16081610321998596,601,0.5160408020019531,924672,0.015625,281.417603075,53.243385314941406,0.07357965409755707,1.185421109199524,0.0,1746418634.9504073
30.506511688232422,0.0,1.0,629,4784,0.14530663192272186,628,0.5160408020019531,966144,0.015625,292.326980743,53.243385314941406,0.0476553812623024,1.1976487636566162,0.0,1746418645.859754
30.3046875,0.0,0.9999999403953552,659,5024,0.4764561355113983,658,0.006858935113996267,1012224,0.0162760429084301,304.524042208,46.229522705078125,0.024530649185180664,1.203397512435913,0.0,1746418658.0567846
31.65364646911621,0.0,0.9999999403953552,665,5072,0.2861568331718445,664,0.006858935113996267,1021440,0.015625,306.950409861,46.229522705078125,0.05277416110038757,1.2019541263580322,0.0,1746418660.4831698
30.67317771911621,0.0,0.9999999403953552,669,5104,0.14428162574768066,668,0.006858935113996267,1027584,0.015625,308.561243456,46.229522705078125,0.02795238420367241,1.1886626482009888,0.0,1746418662.0940404
31.2421875,0.0,0.9999999403953552,680,5192,0.15326455235481262,679,0.006858935113996267,1044480,0.01497395895421505,313.007132546,46.229522705078125,0.035312652587890625,1.2191684246063232,0.0,1746418666.5399127
30.068359375,0.0,0.9999999403953552,688,5256,0.1795719414949417,687,0.006858935113996267,1056768,0.0162760429084301,316.230917255,46.229522705078125,0.03509729355573654,1.2125627994537354,0.0,1746418669.763699
30.72786521911621,0.0,0.9999999403953552,689,5264,0.18256154656410217,688,0.006858935113996267,1058304,0.015625,316.634075343,46.229522705078125,0.04719570279121399,1.199080228805542,0.0,1746418670.1668983
30.061199188232422,0.0,0.9999999403953552,708,5416,0.16889309883117676,707,0.006858935113996267,1087488,0.015625,324.299706586,46.229522705078125,0.03914354741573334,1.1924395561218262,0.0,1746418677.8325148
31.221355438232422,0.0,0.9999999403953552,736,5640,0.1229383796453476,735,0.006858935113996267,1130496,0.01497395895421505,335.600139902,46.229522705078125,0.0746246874332428,1.1216633319854736,0.0,1746418689.1329277
31.67578125,0.0,0.9999999403953552,743,5696,0.12068495154380798,742,0.006858935113996267,1141248,0.015625,338.419275617,46.229522705078125,0.06951946020126343,1.1248877048492432,0.0,1746418691.9521165
30.50716209411621,0.0,0.9999999403953552,748,5736,0.14416061341762543,747,0.006858935113996267,1148928,0.0162760429084301,340.440537412,46.229522705078125,0.06991720199584961,1.119943618774414,0.0,1746418693.9732862
30.986980438232422,0.0,0.9999999403953552,752,5768,0.1436842679977417,751,0.006858935113996267,1155072,0.01497395895421505,342.052378259,46.229522705078125,0.07797077298164368,1.1425763368606567,0.0,1746418695.58519
31.47265625,0.0,0.9999999403953552,783,6016,0.07883049547672272,782,0.006858935113996267,1202688,0.013671875,354.581118012,46.229522705078125,0.09589888900518417,1.0990896224975586,0.0,1746418708.1138794
30.48828125,0.0,0.9999999403953552,787,6048,0.22306916117668152,786,0.006858935113996267,1208832,0.009765625,356.193058678,46.229522705078125,0.07397208362817764,1.097430944442749,0.0,1746418709.7258604
31.50911521911621,0.0,0.9999999403953552,818,6296,0.05439729988574982,817,0.006858935113996267,1256448,0.013671875,368.703085523,46.229522705078125,0.11154839396476746,1.062232494354248,0.0,1746418722.2358162
32.0078125,0.0,0.9999999403953552,851,6560,0.044119253754615784,850,0.006858935113996267,1307136,0.01497395895421505,382.067121022,46.229522705078125,0.1582014262676239,1.0173366069793701,0.0,1746418735.5999315
31.670574188232422,0.0,0.9999999403953552,874,6744,0.03575959801673889,873,0.006858935113996267,1342464,0.01497395895421505,391.34393519,46.229522705078125,0.1541125327348709,1.0574729442596436,0.0,1746418744.876631
31.64453125,0.0,0.9999999403953552,892,6888,0.054572828114032745,891,0.006858935113996267,1370112,0.01497395895421505,398.610786445,46.229522705078125,0.16349324584007263,1.0648523569107056,0.0,1746418752.1436005
31.854167938232422,0.0,0.9999999403953552,899,6944,0.033768802881240845,898,0.006858935113996267,1380864,0.014322916977107525,401.431196327,46.229522705078125,0.1534613072872162,1.0759437084197998,0.0,1746418754.9639642
30.62239646911621,0.0,0.9999999403953552,911,7040,0.025316517800092697,910,0.006858935113996267,1399296,0.013671875,406.279596523,46.229522705078125,0.14521168172359467,1.0858746767044067,0.0,1746418759.812381
30.90234375,0.0,0.9999999403953552,935,7232,0.02569517120718956,934,0.006858935113996267,1436160,0.01497395895421505,415.96614428,46.229522705078125,0.153603196144104,1.0915197134017944,0.0,1746418769.4988842
30.78255271911621,0.0,0.9999999403953552,948,7336,0.027805401012301445,947,0.006858935113996267,1456128,0.013671875,421.213718218,46.229522705078125,0.15737609565258026,1.1090734004974365,0.0,1746418774.7465198
31.94270896911621,0.0,1.0,999,7744,0.024808205664157867,998,0.3439769148826599,1534464,0.01497395895421505,441.89923256,55.62104415893555,0.21677498519420624,1.141756296157837,0.0,1746418795.4320297
31.41015625,0.0,1.0,1010,7832,0.032990291714668274,1009,0.3439769148826599,1551360,0.015625,446.334916634,55.62104415893555,0.20536677539348602,1.1249234676361084,0.0,1746418799.8676877
31.83203125,0.0,1.0,1017,7888,0.022581711411476135,1016,0.3439769148826599,1562112,0.015625,449.157004275,55.62104415893555,0.23358672857284546,1.108814001083374,0.0,1746418802.689824
31.846355438232422,0.0,1.0,1034,8024,0.021040502935647964,1033,0.3439769148826599,1588224,0.015625,456.017269957,55.62104415893555,0.23230670392513275,1.1626337766647339,0.0,1746418809.5500743
32.04296875,0.0,1.0,1042,8088,0.024375271052122116,1041,0.3439769148826599,1600512,0.015625,459.251727869,55.62104415893555,0.23384825885295868,1.1583596467971802,0.0,1746418812.784501
31.62630271911621,0.0,1.0,1048,8136,0.028213277459144592,1047,0.3439769148826599,1609728,0.015625,461.669538989,55.62104415893555,0.2524354159832001,1.1446763277053833,0.0,1746418815.2023344
31.61849021911621,0.0,1.0,1099,8544,0.01241338811814785,1098,0.3439769148826599,1688064,0.015625,482.260611373,55.62104415893555,0.2596394717693329,1.1178216934204102,0.0,1746418835.7934322
31.109375,0.0,1.0,1121,8720,0.011164212599396706,1120,0.3439769148826599,1721856,0.01497395895421505,491.143745348,55.62104415893555,0.2630307674407959,1.1562135219573975,0.0,1746418844.676564
31.979167938232422,0.0,1.0,1133,8816,0.02565978467464447,1132,0.3439769148826599,1740288,0.01497395895421505,495.983258476,55.62104415893555,0.26210030913352966,1.1775262355804443,0.0,1746418849.51605
31.361980438232422,0.0,1.0,1189,9264,0.00940457358956337,1188,0.3439769148826599,1826304,0.013671875,518.570768352,55.62104415893555,0.26491957902908325,1.1675641536712646,0.0,1746418872.1035824
31.84895896911621,0.0,1.0,1207,9408,0.008276622742414474,1206,0.3439769148826599,1853952,0.01497395895421505,525.835373594,55.62104415893555,0.26187822222709656,1.1873506307601929,0.0,1746418879.3681889
31.8671875,0.0,1.0,1222,9528,0.008501391857862473,1221,0.3439769148826599,1876992,0.01497395895421505,531.893251029,55.62104415893555,0.2740280032157898,1.189314842224121,0.0,1746418885.4260838
31.901042938232422,0.0,1.0,1234,9624,0.007236926816403866,1233,0.3439769148826599,1895424,0.015625,536.7399968,55.62104415893555,0.2672302722930908,1.176607370376587,0.0,1746418890.2727554
31.85286521911621,0.0,1.0,1237,9648,0.007258979137986898,1236,0.3439769148826599,1900032,0.01497395895421505,537.948436509,55.62104415893555,0.25328540802001953,1.1700972318649292,0.0,1746418891.4812446
30.88411521911621,0.0,1.0,1246,9720,0.0070221154019236565,1245,0.3439769148826599,1913856,0.01497395895421505,541.577737561,55.62104415893555,0.27406495809555054,1.162735104560852,0.0,1746418895.1104963
31.72395896911621,0.0,1.0,1251,9760,0.007042923476547003,1250,0.3439769148826599,1921536,0.015625,543.603157567,55.62104415893555,0.2918955087661743,1.1712937355041504,0.0,1746418897.1359367
31.901042938232422,0.0,1.0,1260,9832,0.007314023561775684,1259,0.3439769148826599,1935360,0.012369791977107525,547.228269305,55.62104415893555,0.27687352895736694,1.1414358615875244,0.0,1746418900.761083
31.75390625,0.0,1.0,1292,10088,0.012497215531766415,1291,0.3439769148826599,1984512,0.01497395895421505,560.169830362,55.62104415893555,0.31711074709892273,1.1424133777618408,0.0,1746418913.7026472
31.73567771911621,0.0,1.0,1305,10192,0.03369499742984772,1304,0.5710963010787964,2004480,0.015625,565.521609064,56.128257751464844,0.31086504459381104,1.0832901000976562,0.0,1746418919.0544052
31.533855438232422,0.0,1.0,1346,10520,0.006795522756874561,1345,0.5710963010787964,2067456,0.015625,582.065058413,56.128257751464844,0.3264293372631073,1.114100694656372,0.0,1746418935.5978484
31.69921875,0.0,1.0,1362,10648,0.007234491407871246,1361,0.5710963010787964,2092032,0.01497395895421505,588.534769066,56.128257751464844,0.3262523412704468,1.0983405113220215,0.0,1746418942.0675538
31.609375,0.0,1.0,1371,10720,0.00622659083455801,1370,0.5710963010787964,2105856,0.015625,592.164470785,56.128257751464844,0.3251238167285919,1.134879231452942,0.0,1746418945.6972296
31.65234375,0.0,1.0,1388,10856,0.006433926522731781,1387,0.5710963010787964,2131968,0.01497395895421505,599.017316277,56.128257751464844,0.3105258345603943,1.108567237854004,0.0,1746418952.5500658
31.89583396911621,0.0,1.0,1399,10944,0.006078106351196766,1398,0.5710963010787964,2148864,0.015625,603.454122106,56.128257751464844,0.3194596767425537,1.1401007175445557,0.0,1746418956.9869308
31.44661521911621,0.0,1.0,1449,11344,0.005172534845769405,1448,0.5710963010787964,2225664,0.015625,623.613064174,56.128257751464844,0.32477420568466187,1.137760043144226,0.0,1746418977.14589
31.87239646911621,0.0,1.0,1509,11824,0.004802023526281118,1508,0.5710963010787964,2317824,0.01497395895421505,647.835571971,56.128257751464844,0.3121976852416992,1.1158024072647095,0.0,1746419001.3683326
31.91015625,0.0,1.0,1516,11880,0.004695895127952099,1515,0.5710963010787964,2328576,0.01497395895421505,650.671824581,56.128257751464844,0.3048780858516693,1.1324808597564697,0.0,1746419004.2045321
31.859375,0.0,1.0,1525,11952,0.010573295876383781,1524,0.5710963010787964,2342400,0.01497395895421505,654.297391248,56.128257751464844,0.2912408113479614,1.144838809967041,0.0,1746419007.8302183
31.928386688232422,0.0,1.0,1531,12000,0.011606498621404171,1530,0.5710963010787964,2351616,0.01497395895421505,656.715160809,56.128257751464844,0.3080843687057495,1.1472338438034058,0.0,1746419010.2479312
31.78515625,0.0,1.0,1548,12136,0.008550494909286499,1547,0.5710963010787964,2377728,0.015625,663.579132939,56.128257751464844,0.29926353693008423,1.105757713317871,0.0,1746419017.1119127
31.4140625,0.0,1.0,1557,12208,0.005472239572554827,1556,0.5710963010787964,2391552,0.01497395895421505,667.215985203,56.128257751464844,0.300029993057251,1.120718002319336,0.0,1746419020.7488065
32.10026168823242,0.0,1.0,1594,12504,0.00505493488162756,1593,0.5710963010787964,2448384,0.01497395895421505,682.145483226,56.128257751464844,0.3192344605922699,1.1311445236206055,0.0,1746419035.678306
31.572917938232422,0.0,1.0,1678,13176,0.0045804050751030445,1677,0.5939385890960693,2577408,0.01302083395421505,716.124351927,59.121212005615234,0.29769566655158997,1.1312921047210693,0.0,1746419069.6571755
31.07552146911621,0.0,1.0,1687,13248,0.004322843160480261,1686,0.5939385890960693,2591232,0.01497395895421505,719.750755656,59.121212005615234,0.3003886938095093,1.1120898723602295,0.0,1746419073.283534
32.153648376464844,0.0,1.0,1695,13312,0.005538618192076683,1694,0.5939385890960693,2603520,0.015625,722.986164598,59.121212005615234,0.31545788049697876,1.1262786388397217,0.0,1746419076.5189512
31.62109375,0.0,1.0,1710,13432,0.007535414770245552,1709,0.5939385890960693,2626560,0.01497395895421505,729.059927028,59.121212005615234,0.321044921875,1.1129305362701416,0.0,1746419082.5927126
32.18359375,0.0,1.0,1809,14224,0.00380535377189517,1808,0.5939385890960693,2778624,0.014322916977107525,768.991749285,59.121212005615234,0.3017515540122986,1.085694670677185,0.0,1746419122.524507
31.428386688232422,0.0,1.0,1838,14456,0.0038353530690073967,1837,0.5939385890960693,2823168,0.012369791977107525,780.696781005,59.121212005615234,0.2999590039253235,1.0753153562545776,0.0,1746419134.2295911
31.28255271911621,0.0,1.0,1842,14488,0.004666091874241829,1841,0.5939385890960693,2829312,0.01171875,782.313211174,59.121212005615234,0.30777788162231445,1.0452022552490234,0.0,1746419135.845903
31.2421875,0.0,1.0,1850,14552,0.019899573177099228,1849,0.5939385890960693,2841600,0.01171875,785.545125455,59.121212005615234,0.29899871349334717,1.0412156581878662,0.0,1746419139.0779204
32.17838668823242,0.0,1.0,1861,14640,0.0040734270587563515,1860,0.5939385890960693,2858496,0.013671875,789.989117278,59.121212005615234,0.32014450430870056,1.0341379642486572,0.0,1746419143.5217655
31.53515625,0.0,1.0,1895,14912,0.003734423778951168,1894,0.5939385890960693,2910720,0.014322916977107525,803.740096067,59.121212005615234,0.30468839406967163,1.033348798751831,0.0,1746419157.272557
30.76302146911621,0.0,1.0,1939,15264,0.009024092927575111,1938,0.5939385890960693,2978304,0.012369791977107525,821.536555875,59.121212005615234,0.2853555977344513,1.0160915851593018,0.0,1746419175.0691702
31.40364646911621,0.0,1.0,1967,15488,0.0037041432224214077,1966,0.6298611760139465,3021312,0.01106770895421505,832.960991159,63.533992767333984,0.299957275390625,0.9937745332717896,0.0012360939290374517,1746419186.4935331
32.067710876464844,0.0,1.0,1971,15520,0.0035300012677907944,1970,0.6298611760139465,3027456,0.013671875,834.575030732,63.533992767333984,0.3320128321647644,0.9915964603424072,0.0012360939290374517,1746419188.107621
31.96224021911621,0.0,1.0,1988,15656,0.003954614512622356,1987,0.6298611760139465,3053568,0.01302083395421505,841.452889943,63.533992767333984,0.3279385268688202,1.0022425651550293,0.0012360939290374517,1746419194.9855273
32.12760543823242,0.0,1.0,2003,15776,0.0035624161828309298,2002,0.6298611760139465,3076608,0.013671875,847.503964428,63.533992767333984,0.329073429107666,1.0133161544799805,0.0012360939290374517,1746419201.036811
31.8125,0.0,1.0,2006,15800,0.0036309610586613417,2005,0.6298611760139465,3081216,0.01302083395421505,848.712644903,63.533992767333984,0.3167467713356018,1.0199257135391235,0.0012360939290374517,1746419202.2454634
31.44140625,0.0,1.0,2011,15840,0.003733030753210187,2010,0.6298611760139465,3088896,0.01106770895421505,850.73182366,63.533992767333984,0.30469411611557007,1.007336139678955,0.0012360939290374517,1746419204.2646232
31.8828125,0.0,1.0,2016,15880,0.0038238265551626682,2015,0.6298611760139465,3096576,0.01302083395421505,852.748626348,63.533992767333984,0.30294129252433777,1.0085748434066772,0.0012360939290374517,1746419206.281434
32.23046875,0.0,1.0,2021,15920,0.003666914999485016,2020,0.6298611760139465,3104256,0.013671875,854.7626088,63.533992767333984,0.33748888969421387,1.0093826055526733,0.0012360939290374517,1746419208.295426
31.65234375,0.0,1.0,2059,16224,0.0038596848025918007,2058,0.6298611760139465,3162624,0.012369791977107525,870.0778189,63.533992767333984,0.3012580871582031,1.005837082862854,0.0012360939290374517,1746419223.6104262
32.180992126464844,0.0,1.0,2068,16296,0.0036792601458728313,2067,0.6298611760139465,3176448,0.012369791977107525,873.716949258,63.533992767333984,0.3205307126045227,1.0125837326049805,0.0012360939290374517,1746419227.2495599
32.234375,0.0,1.0,2070,16312,0.0033884234726428986,2069,0.6298611760139465,3179520,0.014322916977107525,874.524046947,63.533992767333984,0.31248825788497925,1.0066629648208618,0.0012360939290374517,1746419228.0566344
31.389324188232422,0.0,1.0,2080,16392,0.003587793093174696,2079,0.6298611760139465,3194880,0.012369791977107525,878.558430765,63.533992767333984,0.31719300150871277,1.0122137069702148,0.0012360939290374517,1746419232.0910292
32.266929626464844,0.0,1.0,2092,16488,0.024435624480247498,2091,0.6298611760139465,3213312,0.012369791977107525,883.409877104,63.533992767333984,0.30478665232658386,0.9793235063552856,0.0012360939290374517,1746419236.9424748
31.959636688232422,0.0,1.0,2098,16536,0.00863572396337986,2097,0.6298611760139465,3222528,0.01302083395421505,885.838765117,63.533992767333984,0.31601250171661377,0.965035080909729,0.0012360939290374517,1746419239.3713298
32.14453125,0.0,1.0,2105,16592,0.003321362193673849,2104,0.6298611760139465,3233280,0.01302083395421505,888.661749601,63.533992767333984,0.33471378684043884,0.9934536218643188,0.0012360939290374517,1746419242.1942854
31.295574188232422,0.0,1.0,2107,16608,0.0032356898300349712,2106,0.6298611760139465,3236352,0.013671875,889.469347088,63.533992767333984,0.3050048351287842,0.975774884223938,0.0012360939290374517,1746419243.0019557
31.1640625,0.0,1.0,2120,16712,0.0032763006165623665,2119,0.6298611760139465,3256320,0.013671875,894.725917911,63.533992767333984,0.3133922517299652,0.9918466806411743,0.0012360939290374517,1746419248.2585294
32.270835876464844,0.0,1.0,2124,16744,0.0035350467078387737,2123,0.6298611760139465,3262464,0.01106770895421505,896.341969612,63.533992767333984,0.315946102142334,0.9762313365936279,0.0012360939290374517,1746419249.874608
31.963542938232422,0.0,1.0,2126,16760,0.0034460045862942934,2125,0.6298611760139465,3265536,0.01497395895421505,897.149724155,63.533992767333984,0.3292900025844574,1.0035510063171387,0.0012360939290374517,1746419250.6821783
31.361980438232422,0.0,1.0,2136,16840,0.003383432747796178,2135,0.6298611760139465,3280896,0.01302083395421505,901.190043121,63.533992767333984,0.3059259057044983,0.9864715337753296,0.0012360939290374517,1746419254.7226307
32.07421875,0.0,1.0,2143,16896,0.0034044154454022646,2142,0.6298611760139465,3291648,0.01171875,904.042493384,63.533992767333984,0.33078715205192566,0.9971668124198914,0.0012360939290374517,1746419257.5751216
32.325523376464844,0.0,1.0,2151,16960,0.003409754950553179,2150,0.6298611760139465,3303936,0.01171875,907.274734136,63.533992767333984,0.32889580726623535,0.9875141382217407,0.0012360939290374517,1746419260.8073568
30.73567771911621,0.0,1.0,2152,16968,0.005102058872580528,2151,0.6298611760139465,3305472,0.01171875,907.678433557,63.533992767333984,0.2867114543914795,1.015275239944458,0.0012360939290374517,1746419261.21103
30.979167938232422,0.0,1.0,2218,17496,0.003796956269070506,2217,0.6298611760139465,3406848,0.012369791977107525,934.319833208,63.533992767333984,0.2903673052787781,1.0284337997436523,0.0012360939290374517,1746419287.8525946
31.97005271911621,0.0,1.0,2247,17728,0.003937633708119392,2246,0.6298611760139465,3451392,0.01171875,946.017607223,63.533992767333984,0.3077884316444397,1.0168006420135498,0.0012360939290374517,1746419299.5504003
31.322917938232422,0.0,1.0,2254,17784,0.03097495250403881,2253,0.6298611760139465,3462144,0.012369791977107525,948.846185314,63.533992767333984,0.315695583820343,1.0351417064666748,0.0012360939290374517,1746419302.3788435
32.125,0.0,1.0,2261,17840,0.031080976128578186,2260,0.6298611760139465,3472896,0.014322916977107525,951.667385488,63.533992767333984,0.33698129653930664,1.0270345211029053,0.0012360939290374517,1746419305.200174
32.251304626464844,0.0,1.0,2272,17928,0.0038977405056357384,2271,0.6298611760139465,3489792,0.01302083395421505,956.100409277,63.533992767333984,0.31682881712913513,1.036151647567749,0.0012360939290374517,1746419309.633183
31.80078125,0.0,1.0,2287,18048,0.0035706227645277977,2286,0.6397249698638916,3512832,0.01302083395421505,962.248879737,61.40724182128906,0.3191795349121094,1.004446268081665,0.0,1746419315.781591
32.07682418823242,0.0,1.0,2297,18128,0.0036769516300410032,2296,0.6397249698638916,3528192,0.013671875,966.278625541,61.40724182128906,0.33216166496276855,1.0152010917663574,0.0,1746419319.8114512
32.25390625,0.0,1.0,2310,18232,0.003633840475231409,2309,0.6397249698638916,3548160,0.01497395895421505,971.525345947,61.40724182128906,0.3288855254650116,1.0236413478851318,0.0,1746419325.0581532
31.91015625,0.0,1.0,2340,18472,0.0036549712531268597,2339,0.6397249698638916,3594240,0.01171875,983.620856218,61.40724182128906,0.31440269947052,1.0268235206604004,0.0,1746419337.153601
32.29557418823242,0.0,1.0,2345,18512,0.0038228905759751797,2344,0.6397249698638916,3601920,0.01302083395421505,985.634439902,61.40724182128906,0.3275163173675537,1.0223586559295654,0.0,1746419339.1672602
30.580730438232422,0.0,1.0,2359,18624,0.003643576754257083,2358,0.6397249698638916,3623424,0.013671875,991.275823,61.40724182128906,0.3035808801651001,1.0301828384399414,0.0,1746419344.8086212
31.35677146911621,0.0,1.0,2366,18680,0.003657849505543709,2365,0.6397249698638916,3634176,0.013671875,994.097964658,61.40724182128906,0.3128817677497864,1.031131386756897,0.0,1746419347.6307867
31.858074188232422,0.0,1.0,2367,18688,0.0035905507393181324,2366,0.6397249698638916,3635712,0.01106770895421505,994.50042789,61.40724182128906,0.31228652596473694,1.027822732925415,0.0,1746419348.0332537
31.4765625,0.0,1.0,2368,18696,0.003629127284511924,2367,0.6397249698638916,3637248,0.01106770895421505,994.902979729,61.40724182128906,0.3096330165863037,1.0183196067810059,0.0,1746419348.4358003
30.959636688232422,0.0,1.0,2373,18736,0.0040972353890538216,2372,0.6397249698638916,3644928,0.012369791977107525,996.916668642,61.40724182128906,0.2995752692222595,1.0234386920928955,0.0,1746419350.4495075
30.56770896911621,0.0,1.0,2391,18880,0.0040365043096244335,2390,0.6397249698638916,3672576,0.012369791977107525,1004.173719612,61.40724182128906,0.2990529239177704,1.0260459184646606,0.0,1746419357.7065058
31.86067771911621,0.0,1.0,2395,18912,0.0037652896717190742,2394,0.6397249698638916,3678720,0.01171875,1005.78666408,61.40724182128906,0.31493961811065674,1.0065579414367676,0.0,1746419359.319491
32.282554626464844,0.0,1.0,2420,19112,0.009916888549923897,2419,0.6397249698638916,3717120,0.013671875,1015.85921429,61.40724182128906,0.3378066420555115,1.0294158458709717,0.0,1746419369.3920093
30.475261688232422,0.0,1.0,2461,19440,0.003739630337804556,2460,0.6397249698638916,3780096,0.01106770895421505,1032.396296754,61.40724182128906,0.2907024621963501,1.0361326932907104,0.0,1746419385.9290993
30.97005271911621,0.0,1.0,2473,19536,0.015374967828392982,2472,0.6397249698638916,3798528,0.01106770895421505,1037.232296574,61.40724182128906,0.3111571967601776,1.0319695472717285,0.0,1746419390.7651289
30.52864646911621,0.0,1.0,2497,19728,0.004383861552923918,2496,0.6397249698638916,3835392,0.012369791977107525,1046.902187683,61.40724182128906,0.28426116704940796,1.0349862575531006,0.0,1746419400.4349992
31.733074188232422,0.0,1.0,2499,19744,0.004224016331136227,2498,0.6397249698638916,3838464,0.014322916977107525,1047.708418831,61.40724182128906,0.3130621314048767,1.031736135482788,0.0,1746419401.2412167
32.145835876464844,0.0,1.0,2508,19816,0.004205093719065189,2507,0.6397249698638916,3852288,0.01171875,1051.348134864,61.40724182128906,0.32118844985961914,1.042285442352295,0.0,1746419404.8809543
31.936199188232422,0.0,1.0,2529,19984,0.004292500205338001,2528,0.6397249698638916,3884544,0.012369791977107525,1059.808505482,61.40724182128906,0.3227284550666809,1.0441603660583496,0.0,1746419413.3413184
31.171875,0.0,1.0,2533,20016,0.0052379583939909935,2532,0.6397249698638916,3890688,0.01302083395421505,1061.425207888,61.40724182128906,0.30483925342559814,1.0410233736038208,0.0,1746419414.9580023
31.97786521911621,0.0,1.0,2537,20048,0.004712983034551144,2536,0.6397249698638916,3896832,0.01302083395421505,1063.036803738,61.40724182128906,0.32478854060173035,1.0545841455459595,0.0,1746419416.569623
32.01953125,0.0,1.0,2540,20072,0.004451130051165819,2539,0.6397249698638916,3901440,0.01171875,1064.245695682,61.40724182128906,0.32026273012161255,1.0571794509887695,0.0,1746419417.778504
31.424480438232422,0.0,1.0,2561,20240,0.004974743351340294,2560,0.6397249698638916,3933696,0.01302083395421505,1072.714802392,61.40724182128906,0.3213132619857788,1.0601615905761719,0.0,1746419426.24759
31.998699188232422,0.0,1.0,2572,20328,0.004277637228369713,2571,0.6397249698638916,3950592,0.010416666977107525,1077.147492722,61.40724182128906,0.29603132605552673,1.063147783279419,0.0,1746419430.6803079
31.31380271911621,0.0,1.0,2576,20360,0.004177416674792767,2575,0.6397249698638916,3956736,0.010416666977107525,1078.780098017,61.40724182128906,0.3027656376361847,1.0539244413375854,0.0,1746419432.3129277
31.850261688232422,0.0,1.0,2580,20392,0.004225557669997215,2579,0.6397249698638916,3962880,0.01106770895421505,1080.391536601,61.40724182128906,0.32190144062042236,1.046746015548706,0.0,1746419433.9243555
31.86067771911621,0.0,1.0,2582,20408,0.004744299687445164,2581,0.6397249698638916,3965952,0.01106770895421505,1081.198608197,61.40724182128906,0.32302165031433105,1.0486948490142822,0.0,1746419434.731409
31.56380271911621,0.0,1.0,2638,20856,0.004799662157893181,2637,0.6613190174102783,4051968,0.012369791977107525,1103.872750162,64.31402587890625,0.3232135772705078,1.0443450212478638,0.0,1746419457.4055588
32.09244918823242,0.0,1.0,2644,20904,0.005056122317910194,2643,0.6613190174102783,4061184,0.01106770895421505,1106.289447307,64.31402587890625,0.3350789546966553,1.0693330764770508,0.0,1746419459.822281
31.170574188232422,0.0,1.0,2652,20968,0.00522471172735095,2651,0.6613190174102783,4073472,0.01106770895421505,1109.516686573,64.31402587890625,0.3059605360031128,1.0554273128509521,0.0,1746419463.0494895
32.040367126464844,0.0,1.0,2699,21344,0.010509828105568886,2698,0.6613190174102783,4145664,0.014322916977107525,1128.469510766,64.31402587890625,0.3296308219432831,1.0313870906829834,0.0,1746419482.0023232
31.98958396911621,0.0,1.0,2701,21360,0.005495135672390461,2700,0.6613190174102783,4148736,0.01302083395421505,1129.275679948,64.31402587890625,0.33302974700927734,1.0313246250152588,0.0,1746419482.8084722
32.08854293823242,0.0,1.0,2702,21368,0.008037514984607697,2701,0.6613190174102783,4150272,0.01171875,1129.678897705,64.31402587890625,0.34713730216026306,1.0470670461654663,0.0,1746419483.21163
31.92708396911621,0.0,1.0,2705,21392,0.004453153815120459,2704,0.6613190174102783,4154880,0.01106770895421505,1130.887581786,64.31402587890625,0.3308273255825043,1.0285511016845703,0.0,1746419484.4204059
31.45703125,0.0,1.0,2710,21432,0.0047690169885754585,2709,0.6613190174102783,4162560,0.01106770895421505,1132.90144058,64.31402587890625,0.327837198972702,1.0525503158569336,0.0,1746419486.4342585
30.842449188232422,0.0,1.0,2711,21440,0.004710320848971605,2710,0.6613190174102783,4164096,0.012369791977107525,1133.304031984,64.31402587890625,0.31434166431427,1.0491983890533447,0.0,1746419486.8368495
32.177085876464844,0.0,1.0,2713,21456,0.004842064809054136,2712,0.6613190174102783,4167168,0.013671875,1134.10943591,64.31402587890625,0.3200136125087738,1.0621105432510376,0.0,1746419487.6422434
31.421875,0.0,1.0,2719,21504,0.004599602892994881,2718,0.6613190174102783,4176384,0.01171875,1136.526145738,64.31402587890625,0.31432563066482544,1.054423213005066,0.0,1746419490.058967
31.078125,0.0,1.0,2726,21560,0.004624827299267054,2725,0.6613190174102783,4187136,0.012369791977107525,1139.346725897,64.31402587890625,0.3151804804801941,1.0619137287139893,0.0,1746419492.8795366
30.828125,0.0,1.0,2737,21648,0.004638173617422581,2736,0.6613190174102783,4204032,0.008463541977107525,1143.78627865,64.31402587890625,0.2905310392379761,1.0563132762908936,0.0,1746419497.3190458
32.079429626464844,0.0,1.0,2742,21688,0.004935484379529953,2741,0.6613190174102783,4211712,0.01171875,1145.802446946,64.31402587890625,0.3493044376373291,1.0537424087524414,0.0,1746419499.3352594
32.38932418823242,0.0,1.0,2752,21768,0.005096811801195145,2751,0.6613190174102783,4227072,0.009765625,1149.831495498,64.31402587890625,0.3389965891838074,1.0602777004241943,0.0,1746419503.3643358
32.32291793823242,0.0,1.0,2758,21816,0.004403448663651943,2757,0.6613190174102783,4236288,0.01106770895421505,1152.249198993,64.31402587890625,0.34313130378723145,1.0739867687225342,0.0,1746419505.7820227
31.69270896911621,0.0,1.0,2768,21896,0.007742955349385738,2767,0.6613190174102783,4251648,0.008463541977107525,1156.278622443,64.31402587890625,0.3163648247718811,1.0711464881896973,0.0,1746419509.8114777
30.78645896911621,0.0,1.0,2796,22120,0.004606195725500584,2795,0.6613190174102783,4294656,0.010416666977107525,1167.562080385,64.31402587890625,0.2984659969806671,1.0659894943237305,0.0,1746419521.0948322
31.74609375,0.0,1.0,2802,22168,0.005660705268383026,2801,0.6613190174102783,4303872,0.010416666977107525,1169.978807156,64.31402587890625,0.31410476565361023,1.0705609321594238,0.0,1746419523.5116024
29.796875,0.0,1.0,2806,22200,0.01003633625805378,2805,0.6613190174102783,4310016,0.010416666977107525,1171.59535483,64.31402587890625,0.30212724208831787,1.0634958744049072,0.0,1746419525.1280444
31.49349021911621,0.0,1.0,2812,22248,0.0044640665873885155,2811,0.6613190174102783,4319232,0.009765625,1174.014000375,64.31402587890625,0.3208100497722626,1.0636727809906006,0.0,1746419527.546786
31.385417938232422,0.0,1.0,2828,22376,0.005219988524913788,2827,0.6613190174102783,4343808,0.01106770895421505,1180.461233431,64.31402587890625,0.3164520859718323,1.0741240978240967,0.0,1746419533.9940372
32.282554626464844,0.0,1.0,2832,22408,0.0049261837266385555,2831,0.6613190174102783,4349952,0.010416666977107525,1182.075037252,64.31402587890625,0.3373216986656189,1.0720046758651733,0.0,1746419535.607862
31.296875,0.0,1.0,2846,22520,0.0049839201383292675,2845,0.6613190174102783,4371456,0.009765625,1187.714819205,64.31402587890625,0.3390234708786011,1.077890396118164,0.0,1746419541.2475996
30.397136688232422,0.0,1.0,2853,22576,0.004897299222648144,2852,0.6613190174102783,4382208,0.00911458395421505,1190.538762977,64.31402587890625,0.2990049123764038,1.0787787437438965,0.0,1746419544.0715547
32.40625,0.0,1.0,2862,22648,0.004891664255410433,2861,0.6613190174102783,4396032,0.010416666977107525,1194.164480778,64.31402587890625,0.3342665135860443,1.0692627429962158,0.0,1746419547.697317
31.03515625,0.0,1.0,2868,22696,0.004508038051426411,2867,0.6613190174102783,4405248,0.010416666977107525,1196.582459724,64.31402587890625,0.31626859307289124,1.0759809017181396,0.0,1746419550.1152663
31.70052146911621,0.0,1.0,2871,22720,0.004540499299764633,2870,0.6613190174102783,4409856,0.009765625,1197.790456848,64.31402587890625,0.31771355867385864,1.0568269491195679,0.0,1746419551.323311
31.21875,0.0,1.0,2938,23256,0.0045329732820391655,2937,0.6869291067123413,4512768,0.009765625,1224.898369384,69.0195083618164,0.301467627286911,1.0714154243469238,0.0,1746419578.4312017
30.99349021911621,0.0,1.0,2957,23408,0.004383878782391548,2956,0.6869291067123413,4541952,0.009765625,1232.555035716,69.0195083618164,0.3194212317466736,1.0642379522323608,0.0,1746419586.087858
29.50520896911621,0.0,1.0,2959,23424,0.004678139928728342,2958,0.6869291067123413,4545024,0.009765625,1233.360336447,69.0195083618164,0.2725069522857666,1.069441318511963,0.0,1746419586.8931265
30.64192771911621,0.0,1.0,2985,23632,0.009358166716992855,2984,0.6869291067123413,4584960,0.010416666977107525,1243.843367023,69.0195083618164,0.313784658908844,1.0280711650848389,0.0,1746419597.3761842
31.37239646911621,0.0,1.0,3002,23768,0.004255805164575577,3001,0.6869291067123413,4611072,0.010416666977107525,1250.69856848,69.0195083618164,0.3164428472518921,1.017415165901184,0.0,1746419604.2313902
30.17317771911621,0.0,1.0,3012,23848,0.003988112788647413,3011,0.6869291067123413,4626432,0.010416666977107525,1254.746303169,69.0195083618164,0.3066370189189911,1.027219295501709,0.0,1746419608.2791297
31.87109375,0.0,1.0,3013,23856,0.00438540568575263,3012,0.6869291067123413,4627968,0.01302083395421505,1255.149294549,69.0195083618164,0.31652194261550903,1.0500061511993408,0.0,1746419608.6820662
30.78125,0.0,1.0,3026,23960,0.0041992999613285065,3025,0.6869291067123413,4647936,0.009765625,1260.386982066,69.0195083618164,0.30317243933677673,1.0189491510391235,0.0,1746419613.919777
31.30599021911621,0.0,1.0,3080,24392,0.0041275350376963615,3079,0.6869291067123413,4730880,0.01106770895421505,1282.150723676,69.0195083618164,0.34062129259109497,1.0358823537826538,0.0,1746419635.6833153
31.74739646911621,0.0,1.0,3096,24520,0.004128128290176392,3095,0.6869291067123413,4755456,0.01171875,1288.596575413,69.0195083618164,0.3260502219200134,1.0352678298950195,0.0,1746419642.1293736
31.62239646911621,0.0,1.0,3118,24696,0.004270472563803196,3117,0.6869291067123413,4789248,0.00911458395421505,1297.468370049,69.0195083618164,0.32565969228744507,1.0369198322296143,0.0,1746419651.0011883
31.70442771911621,0.0,1.0,3123,24736,0.004307933151721954,3122,0.6869291067123413,4796928,0.008463541977107525,1299.481943674,69.0195083618164,0.3153553009033203,1.031998872756958,0.0,1746419653.014748
31.666667938232422,0.0,1.0,3138,24856,0.004364652559161186,3137,0.6869291067123413,4819968,0.00911458395421505,1305.529859681,69.0195083618164,0.32782718539237976,1.0403718948364258,0.0,1746419659.0627043
31.986980438232422,0.0,1.0,3155,24992,0.004443476442247629,3154,0.6869291067123413,4846080,0.01106770895421505,1312.383436479,69.0195083618164,0.338567316532135,1.0277082920074463,0.0,1746419665.91627
31.41927146911621,0.0,1.0,3161,25040,0.00836325902491808,3160,0.6869291067123413,4855296,0.00911458395421505,1314.800681959,69.0195083618164,0.3130093812942505,1.0276777744293213,0.0,1746419668.3334985
32.2890625,0.0,1.0,3162,25048,0.004977422766387463,3161,0.6869291067123413,4856832,0.01106770895421505,1315.204011728,69.0195083618164,0.3364669680595398,1.02646803855896,0.0,1746419668.7366302
31.5390625,0.0,1.0,3164,25064,0.004881750792264938,3163,0.6869291067123413,4859904,0.008463541977107525,1316.012876481,69.0195083618164,0.3100905120372772,1.0148321390151978,0.0,1746419669.5457013
32.020835876464844,0.0,1.0,3168,25096,0.004389920271933079,3167,0.6869291067123413,4866048,0.01171875,1317.623633607,69.0195083618164,0.34714341163635254,1.0372780561447144,0.0,1746419671.1564808
31.21224021911621,0.0,1.0,3170,25112,0.004350175149738789,3169,0.6869291067123413,4869120,0.010416666977107525,1318.430755288,69.0195083618164,0.32252955436706543,1.0314717292785645,0.0,1746419671.963518
32.31901168823242,0.0,1.0,3186,25240,0.004145920742303133,3185,0.6869291067123413,4893696,0.008463541977107525,1324.880920723,69.0195083618164,0.3385576605796814,1.0316979885101318,0.0,1746419678.413726
31.893230438232422,0.0,1.0,3199,25344,0.010712932795286179,3198,0.6869291067123413,4913664,0.01106770895421505,1330.117370022,69.0195083618164,0.3353564739227295,1.0394442081451416,0.0,1746419683.6501799
32.095054626464844,0.0,1.0,3240,25672,0.007748417090624571,3239,0.6869291067123413,4976640,0.010416666977107525,1346.645381852,69.0195083618164,0.3364071547985077,1.0445609092712402,0.0,1746419700.1779783
31.44140625,0.0,1.0,3249,25744,0.004906314425170422,3248,0.6869291067123413,4990464,0.010416666977107525,1350.270674079,69.0195083618164,0.33062243461608887,1.0497812032699585,0.0,1746419703.803489
32.10807418823242,0.0,1.0,3257,25808,0.01010802946984768,3256,0.7140095233917236,5002752,0.010416666977107525,1353.591802595,66.6580581665039,0.33397990465164185,1.038726568222046,0.0030395137146115303,1746419707.1246076
30.9765625,0.0,1.0,3258,25816,0.014980360865592957,3257,0.7140095233917236,5004288,0.010416666977107525,1353.994276948,66.6580581665039,0.3199811577796936,1.0282084941864014,0.0030395137146115303,1746419707.5270996
31.00911521911621,0.0,1.0,3282,26008,0.007848162204027176,3281,0.7140095233917236,5041152,0.008463541977107525,1363.665970571,66.6580581665039,0.30756494402885437,1.0363390445709229,0.0030395137146115303,1746419717.1987252
31.41145896911621,0.0,1.0,3297,26128,0.0059723444283008575,3296,0.7140095233917236,5064192,0.009765625,1369.710845464,66.6580581665039,0.3267176151275635,1.0610705614089966,0.0030395137146115303,1746419723.2436604
31.6953125,0.0,1.0,3307,26208,0.005284745246171951,3306,0.7140095233917236,5079552,0.01106770895421505,1373.745279489,66.6580581665039,0.3326830267906189,1.0486297607421875,0.0030395137146115303,1746419727.2780378
31.885417938232422,0.0,1.0,3318,26296,0.005194464698433876,3317,0.7140095233917236,5096448,0.01171875,1378.175813245,66.6580581665039,0.3321717083454132,1.0447192192077637,0.0030395137146115303,1746419731.708593
30.979167938232422,0.0,1.0,3335,26432,0.015443697571754456,3334,0.7140095233917236,5122560,0.009765625,1385.025136459,66.6580581665039,0.30354928970336914,1.0570718050003052,0.0030395137146115303,1746419738.5579307
30.86067771911621,0.0,1.0,3404,26984,0.005930002778768539,3403,0.7140095233917236,5228544,0.00911458395421505,1412.838944958,66.6580581665039,0.33024048805236816,1.0566198825836182,0.0030395137146115303,1746419766.3717537
30.5390625,0.0,1.0,3435,27232,0.005000125151127577,3434,0.7140095233917236,5276160,0.009765625,1425.334202907,66.6580581665039,0.3097188472747803,1.0189770460128784,0.0030395137146115303,1746419778.867019
32.087242126464844,0.0,1.0,3439,27264,0.005270978435873985,3438,0.7140095233917236,5282304,0.010416666977107525,1426.946186209,66.6580581665039,0.3276529014110565,1.0176167488098145,0.0030395137146115303,1746419780.479001
31.04296875,0.0,1.0,3453,27376,0.005102434195578098,3452,0.7140095233917236,5303808,0.008463541977107525,1432.61447004,66.6580581665039,0.32334765791893005,1.0224828720092773,0.0030395137146115303,1746419786.1472948
29.029949188232422,0.0,1.0,3454,27384,0.007962718605995178,3453,0.7140095233917236,5305344,0.008463541977107525,1433.017662038,66.6580581665039,0.28059136867523193,1.0164878368377686,0.0030395137146115303,1746419786.5503554
31.5,0.0,1.0,3458,27416,0.007689396385103464,3457,0.7140095233917236,5311488,0.01171875,1434.629783732,66.6580581665039,0.32256028056144714,1.0069397687911987,0.0030395137146115303,1746419788.1625974
31.10286521911621,0.0,1.0,3464,27464,0.00498433131724596,3463,0.7140095233917236,5320704,0.01106770895421505,1437.045699481,66.6580581665039,0.33026862144470215,1.02362060546875,0.0030395137146115303,1746419790.5785198
31.799480438232422,0.0,1.0,3465,27472,0.004857216961681843,3464,0.7140095233917236,5322240,0.01106770895421505,1437.448422263,66.6580581665039,0.34452128410339355,1.0277290344238281,0.0030395137146115303,1746419790.9812675
32.078125,0.0,1.0,3476,27560,0.004959160927683115,3475,0.7140095233917236,5339136,0.01171875,1441.881575778,66.6580581665039,0.34478887915611267,1.0197227001190186,0.0030395137146115303,1746419795.414405
31.36067771911621,0.0,1.0,3499,27744,0.0052643511444330215,3498,0.7140095233917236,5374464,0.00911458395421505,1451.154315698,66.6580581665039,0.33505308628082275,1.0395628213882446,0.0030395137146115303,1746419804.6871536
31.416667938232422,0.0,1.0,3511,27840,0.005543839186429977,3510,0.7140095233917236,5392896,0.009765625,1455.990100182,66.6580581665039,0.3263190984725952,1.0440394878387451,0.0030395137146115303,1746419809.5229099
29.940105438232422,0.0,1.0,3513,27856,0.005145099014043808,3512,0.7140095233917236,5395968,0.00911458395421505,1456.796063796,66.6580581665039,0.28702980279922485,1.0492535829544067,0.0030395137146115303,1746419810.3288863
32.08984375,0.0,1.0,3528,27976,0.025288544595241547,3527,0.7140095233917236,5419008,0.009765625,1462.844273497,66.6580581665039,0.3306505084037781,1.0305325984954834,0.0030395137146115303,1746419816.3770833
31.963542938232422,0.0,1.0,3538,28056,0.014092082157731056,3537,0.7140095233917236,5434368,0.009765625,1466.87661559,66.6580581665039,0.3397587239742279,1.0030226707458496,0.0030395137146115303,1746419820.4094362
31.135417938232422,0.0,1.0,3563,28256,0.005111874081194401,3562,0.7140095233917236,5472768,0.008463541977107525,1476.948331165,66.6580581665039,0.3096886873245239,0.9982135891914368,0.0030395137146115303,1746419830.4811647
31.873699188232422,0.0,1.0,3572,28328,0.005194615572690964,3571,0.7140095233917236,5486592,0.01106770895421505,1480.576861038,66.6580581665039,0.33310139179229736,1.003403663635254,0.0030395137146115303,1746419834.1096718
31.20703125,0.0,0.9999999403953552,3588,28456,0.0053814370185136795,3587,0.7298785448074341,5511168,0.00911458395421505,1487.126324028,71.64521789550781,0.3255295753479004,1.0107862949371338,0.0017391303554177284,1746419840.6591647
30.99349021911621,0.02734375,0.9999999403953552,3608,28616,0.010722282342612743,3607,0.7298785448074341,5541888,0.010416666977107525,1495.18410426,71.64521789550781,0.3529272675514221,1.0126621723175049,0.0017391303554177284,1746419848.7169187
30.428386688232422,0.0,0.9999999403953552,3621,28720,0.0139261893928051,3620,0.7298785448074341,5561856,0.010416666977107525,1500.420823822,71.64521789550781,0.3017578721046448,1.003814935684204,0.0017391303554177284,1746419853.9536037
31.40625,0.0,0.9999999403953552,3633,28816,0.005456604063510895,3632,0.7298785448074341,5580288,0.008463541977107525,1505.266418379,71.64521789550781,0.31923234462738037,1.0003862380981445,0.0017391303554177284,1746419858.7992346
30.865886688232422,0.0,0.9999999403953552,3634,28824,0.005613531917333603,3633,0.7298785448074341,5581824,0.00911458395421505,1505.669005842,71.64521789550781,0.31393709778785706,0.9950534105300903,0.0017391303554177284,1746419859.2018056
30.998699188232422,0.0,0.9999999403953552,3638,28856,0.006324421148747206,3637,0.7298785448074341,5587968,0.008463541977107525,1507.280554217,71.64521789550781,0.31222033500671387,0.9994384050369263,0.0017391303554177284,1746419860.8133721
31.334636688232422,0.0,0.9999999403953552,3652,28968,0.005265173967927694,3651,0.7298785448074341,5609472,0.00911458395421505,1512.92024115,71.64521789550781,0.3368964195251465,1.0046364068984985,0.0017391303554177284,1746419866.453051
30.75130271911621,0.0,0.9999999403953552,3658,29016,0.005313658155500889,3657,0.7298785448074341,5618688,0.0078125,1515.336457334,71.64521789550781,0.3056274354457855,1.004506230354309,0.0017391303554177284,1746419868.8692787
31.885417938232422,0.0,0.9999999403953552,3666,29080,0.005823967047035694,3665,0.7298785448074341,5630976,0.009765625,1518.559623006,71.64521789550781,0.33043891191482544,1.0003527402877808,0.0017391303554177284,1746419872.09245
31.19140625,0.0,0.9999999403953552,3691,29280,0.007989495992660522,3690,0.7298785448074341,5669376,0.009765625,1528.636736893,71.64521789550781,0.3264462351799011,1.0192244052886963,0.0017391303554177284,1746419882.1695752
31.561199188232422,0.0,0.9999999403953552,3699,29344,0.009469754062592983,3698,0.7298785448074341,5681664,0.01106770895421505,1531.872621035,71.64521789550781,0.3413889408111572,1.023589849472046,0.0017391303554177284,1746419885.4054406
31.471355438232422,0.0,0.9999999403953552,3711,29440,0.008485674858093262,3710,0.7298785448074341,5700096,0.008463541977107525,1536.705116793,71.64521789550781,0.3125607967376709,1.015641689300537,0.0017391303554177284,1746419890.2379377
31.6015625,0.0,0.9999999403953552,3723,29536,0.006645087618380785,3722,0.7298785448074341,5718528,0.01106770895421505,1541.543696721,71.64521789550781,0.32333076000213623,1.0123356580734253,0.0017391303554177284,1746419895.0765052
31.09765625,0.0,0.9999999403953552,3745,29712,0.006346248090267181,3744,0.7298785448074341,5752320,0.00911458395421505,1550.408112628,71.64521789550781,0.31056249141693115,1.0231361389160156,0.0017391303554177284,1746419903.9409242
31.498699188232422,0.0,0.9999999403953552,3746,29720,0.006881142500787973,3745,0.7298785448074341,5753856,0.009765625,1550.81520003,71.64521789550781,0.33080488443374634,1.0102057456970215,0.0017391303554177284,1746419904.348017
30.55859375,0.0,0.9999999403953552,3748,29736,0.006081686355173588,3747,0.7298785448074341,5756928,0.008463541977107525,1551.620506053,71.64521789550781,0.29854604601860046,1.0085229873657227,0.0017391303554177284,1746419905.1533144
32.13932418823242,0.0,0.9999999403953552,3753,29776,0.011915914714336395,3752,0.7298785448074341,5764608,0.01106770895421505,1553.635354318,71.64521789550781,0.3517208993434906,1.024789810180664,0.0017391303554177284,1746419907.1681447
31.24349021911621,0.0,0.9999999403953552,3765,29872,0.009241100400686264,3764,0.7298785448074341,5783040,0.00911458395421505,1558.470452701,71.64521789550781,0.3122076988220215,1.0364177227020264,0.0017391303554177284,1746419912.003277
29.022136688232422,0.03125,0.9999999403953552,3766,29880,0.00643550232052803,3765,0.7298785448074341,5784576,0.008463541977107525,1558.873430241,71.64521789550781,0.3081601858139038,1.0330867767333984,0.0017391303554177284,1746419912.4062533
31.29296875,0.0,0.9999999403953552,3776,29960,0.00938132219016552,3775,0.7298785448074341,5799936,0.009765625,1562.9043764,71.64521789550781,0.3143481910228729,1.0227702856063843,0.0017391303554177284,1746419916.437217
32.20703125,0.0,0.9999999403953552,3786,30040,0.009792128577828407,3785,0.7298785448074341,5815296,0.009765625,1566.931932236,71.64521789550781,0.3321438431739807,1.0503777265548706,0.0017391303554177284,1746419920.4646752
32.067710876464844,0.0,0.9999999403953552,3789,30064,0.006496570073068142,3788,0.7298785448074341,5819904,0.00911458395421505,1568.140456704,71.64521789550781,0.3278431296348572,1.0428383350372314,0.0017391303554177284,1746419921.6732717
31.959636688232422,0.0319010429084301,0.9999999403953552,3800,30152,0.007259334437549114,3799,0.7298785448074341,5836800,0.009765625,1572.578687477,71.64521789550781,0.37398096919059753,1.049626111984253,0.0017391303554177284,1746419926.1114979
32.1640625,0.0,0.9999999403953552,3813,30256,0.028355976566672325,3812,0.7298785448074341,5856768,0.01497395895421505,1577.815768071,71.64521789550781,0.3208627700805664,1.1181238889694214,0.0017391303554177284,1746419931.3485992
32.28776168823242,0.0,0.9999999403953552,3819,30304,0.0220654159784317,3818,0.7298785448074341,5865984,0.009765625,1580.241246538,71.64521789550781,0.3274814486503601,1.0915297269821167,0.0017391303554177284,1746419933.7739382
31.36458396911621,0.0,0.9999999403953552,3834,30424,0.006907347124069929,3833,0.7298785448074341,5889024,0.010416666977107525,1586.286254956,71.64521789550781,0.33356115221977234,1.0834358930587769,0.0017391303554177284,1746419939.8190331
30.66145896911621,0.0,0.9999999403953552,3858,30616,0.009164414368569851,3857,0.7298785448074341,5925888,0.010416666977107525,1595.958648452,71.64521789550781,0.31519365310668945,1.0872327089309692,0.0017391303554177284,1746419949.4914737
31.233074188232422,0.0,0.9999999403953552,3863,30656,0.009241772815585136,3862,0.7298785448074341,5933568,0.008463541977107525,1597.972939304,71.64521789550781,0.3230662941932678,1.090531587600708,0.0017391303554177284,1746419951.5057516
32.33854293823242,0.0,0.9999999403953552,3866,30680,0.007961155846714973,3865,0.7298785448074341,5938176,0.010416666977107525,1599.181048909,71.64521789550781,0.3599088788032532,1.0882229804992676,0.0017391303554177284,1746419952.7138622
32.204429626464844,0.0,0.9999999403953552,3868,30696,0.00722624734044075,3867,0.7298785448074341,5941248,0.012369791977107525,1599.986832825,71.64521789550781,0.3493526875972748,1.0871164798736572,0.0017391303554177284,1746419953.5196402
31.10677146911621,0.0,0.9999999403953552,3875,30752,0.017395179718732834,3874,0.7298785448074341,5952000,0.008463541977107525,1602.830227344,71.64521789550781,0.3134078085422516,1.0806949138641357,0.0017391303554177284,1746419956.3630507
32.173179626464844,0.0,0.9999999403953552,3879,30784,0.009546237997710705,3878,0.7298785448074341,5958144,0.008463541977107525,1604.440591574,71.64521789550781,0.34288570284843445,1.0975189208984375,0.0017391303554177284,1746419957.9734085
31.6640625,0.0,0.9999999403953552,3880,30792,0.008575214073061943,3879,0.7298785448074341,5959680,0.00911458395421505,1604.843203092,71.64521789550781,0.3136301040649414,1.0978848934173584,0.0017391303554177284,1746419958.3760147
31.09114646911621,0.0,0.9999999403953552,3889,30864,0.009715922176837921,3888,0.7298785448074341,5973504,0.00911458395421505,1608.469158589,71.64521789550781,0.31999123096466064,1.088346004486084,0.0017391303554177284,1746419962.001963
29.635417938232422,0.0,0.9999999403953552,3894,30904,0.009324643760919571,3893,0.7298785448074341,5981184,0.009765625,1610.483458518,71.64521789550781,0.30380019545555115,1.0758994817733765,0.0017391303554177284,1746419964.0162766
30.859375,0.0,1.0,3904,30984,0.01122194528579712,3903,0.7274057269096375,5996544,0.0078125,1614.613064705,68.99664306640625,0.31627246737480164,1.1053757667541504,0.003355704713612795,1746419968.1457262
29.920574188232422,0.0,1.0,3916,31080,0.009544221684336662,3915,0.7274057269096375,6014976,0.008463541977107525,1619.446366265,68.99664306640625,0.2894611358642578,1.0949461460113525,0.003355704713612795,1746419972.9792027
30.73958396911621,0.0,1.0,3921,31120,0.02430807054042816,3920,0.7274057269096375,6022656,0.01106770895421505,1621.465311648,68.99664306640625,0.30722010135650635,1.0882625579833984,0.003355704713612795,1746419974.9980197
32.1875,0.0,1.0,3925,31152,0.019158905372023582,3924,0.7274057269096375,6028800,0.01171875,1623.077176832,68.99664306640625,0.34096866846084595,1.0557405948638916,0.003355704713612795,1746419976.609948
31.924480438232422,0.0,1.0,3929,31184,0.021215680986642838,3928,0.7274057269096375,6034944,0.012369791977107525,1624.688050804,68.99664306640625,0.34601733088493347,1.0721558332443237,0.003355704713612795,1746419978.2208652
31.940105438232422,0.0,1.0,3936,31240,0.018825720995664597,3935,0.7274057269096375,6045696,0.012369791977107525,1627.50721941,68.99664306640625,0.34088432788848877,1.0804238319396973,0.003355704713612795,1746419981.0400312
31.546875,0.0,1.0,3957,31408,0.03938235342502594,3956,0.7274057269096375,6077952,0.00911458395421505,1635.980886442,68.99664306640625,0.32980167865753174,1.1216328144073486,0.003355704713612795,1746419989.513673
31.4296875,0.0,1.0,3961,31440,0.03772379085421562,3960,0.7274057269096375,6084096,0.013671875,1637.593219951,68.99664306640625,0.3200380802154541,1.1032408475875854,0.003355704713612795,1746419991.1260338
31.666667938232422,0.0,1.0,3977,31568,0.016814665868878365,3976,0.7274057269096375,6108672,0.01171875,1644.044848479,68.99664306640625,0.31851696968078613,1.1775610446929932,0.003355704713612795,1746419997.5776317
31.99349021911621,0.0,1.0,4019,31904,0.015927158296108246,4018,0.7274057269096375,6173184,0.01302083395421505,1660.973461505,68.99664306640625,0.3480012118816376,1.1534916162490845,0.003355704713612795,1746420014.5062854
31.803386688232422,0.0,1.0,4020,31912,0.019252903759479523,4019,0.7274057269096375,6174720,0.01302083395421505,1661.376133098,68.99664306640625,0.35030579566955566,1.1590347290039062,0.003355704713612795,1746420014.9089577
32.165367126464844,0.0,1.0,4043,32096,0.0161884892731905,4042,0.7274057269096375,6210048,0.014322916977107525,1670.647296896,68.99664306640625,0.37361621856689453,1.1949639320373535,0.003355704713612795,1746420024.1801016
31.631511688232422,0.0,1.0,4050,32152,0.027938375249505043,4049,0.7274057269096375,6220800,0.01106770895421505,1673.468718247,68.99664306640625,0.33406299352645874,1.1698559522628784,0.003355704713612795,1746420027.0015388
31.359375,0.0,1.0,4052,32168,0.01766989938914776,4051,0.7274057269096375,6223872,0.012369791977107525,1674.273802714,68.99664306640625,0.3414986729621887,1.1628355979919434,0.003355704713612795,1746420027.8065953
32.29296875,0.0,1.0,4066,32280,0.024222420528531075,4065,0.7274057269096375,6245376,0.01497395895421505,1679.915366871,68.99664306640625,0.3611397445201874,1.2260031700134277,0.003355704713612795,1746420033.448124
31.373699188232422,0.0,1.0,4071,32320,0.0205342136323452,4070,0.7274057269096375,6253056,0.01302083395421505,1681.932700286,68.99664306640625,0.3331764340400696,1.2201392650604248,0.003355704713612795,1746420035.4655035
31.0859375,0.0,1.0,4073,32336,0.017011024057865143,4072,0.7274057269096375,6256128,0.00911458395421505,1682.738420114,68.99664306640625,0.31536605954170227,1.206294059753418,0.003355704713612795,1746420036.2712224
32.14713668823242,0.0,1.0,4074,32344,0.018008604645729065,4073,0.7274057269096375,6257664,0.01171875,1683.141296784,68.99664306640625,0.3399216830730438,1.208382487297058,0.003355704713612795,1746420036.674104
30.6796875,0.0,1.0,4080,32392,0.024814289063215256,4079,0.7274057269096375,6266880,0.009765625,1685.557967354,68.99664306640625,0.3003084361553192,1.2036066055297852,0.003355704713612795,1746420039.090796
32.005210876464844,0.0,1.0,4097,32528,0.030423350632190704,4096,0.7274057269096375,6292992,0.009765625,1692.406612005,68.99664306640625,0.3241938054561615,1.2121477127075195,0.003355704713612795,1746420045.9394147
31.96224021911621,0.0,1.0,4110,32632,0.028058845549821854,4109,0.7274057269096375,6312960,0.01106770895421505,1697.645438323,68.99664306640625,0.3262020945549011,1.2178897857666016,0.003355704713612795,1746420051.1782677
30.41927146911621,0.0,1.0,4115,32672,0.020408140495419502,4114,0.7274057269096375,6320640,0.010416666977107525,1699.659072961,68.99664306640625,0.29921379685401917,1.1909270286560059,0.003355704713612795,1746420053.1918602
32.00260543823242,0.0,1.0,4122,32728,0.01941007375717163,4121,0.7274057269096375,6331392,0.010416666977107525,1702.479412598,68.99664306640625,0.3299873471260071,1.1816182136535645,0.003355704713612795,1746420056.0122368
31.18489646911621,0.0,1.0,4161,33040,0.020362375304102898,4160,0.7274057269096375,6391296,0.010416666977107525,1718.193463275,68.99664306640625,0.31489428877830505,1.1379964351654053,0.003355704713612795,1746420071.7263026
32.208335876464844,0.0,1.0,4188,33256,0.02519795671105385,4187,0.7274057269096375,6432768,0.013671875,1729.077125399,68.99664306640625,0.35409411787986755,1.1086173057556152,0.003355704713612795,1746420082.6099494
31.0859375,0.0,1.0,4205,33392,0.025242026895284653,4204,0.7274057269096375,6458880,0.00911458395421505,1735.931372993,68.99664306640625,0.2912634015083313,1.0678668022155762,0.003355704713612795,1746420089.4642036
31.80078125,0.0,1.0,4207,33408,0.01585451513528824,4206,0.7274057269096375,6461952,0.009765625,1736.737114151,68.99664306640625,0.33458077907562256,1.0819895267486572,0.003355704713612795,1746420090.269895
30.47786521911621,0.0,1.0,4208,33416,0.015789825469255447,4207,0.7274057269096375,6463488,0.00911458395421505,1737.140306979,68.99664306640625,0.2867826819419861,1.0586172342300415,0.003355704713612795,1746420090.673007
32.22135543823242,0.0,1.0,4229,33584,0.018175717443227768,4228,0.7094659209251404,6495744,0.0078125,1745.70642837,69.7083969116211,0.3187936842441559,1.0864644050598145,0.0016474464209750295,1746420099.2392788
32.19140625,0.0,1.0,4241,33680,0.0150156794115901,4240,0.7094659209251404,6514176,0.00911458395421505,1750.54103214,69.7083969116211,0.3427692651748657,1.094742774963379,0.0016474464209750295,1746420104.0738375
31.46875,0.0,1.0,4249,33744,0.013290761038661003,4248,0.7094659209251404,6526464,0.009765625,1753.764664784,69.7083969116211,0.3279169201850891,1.0759572982788086,0.0016474464209750295,1746420107.2974985
29.768230438232422,0.0,1.0,4272,33928,0.014489623717963696,4271,0.7094659209251404,6561792,0.008463541977107525,1763.032528931,69.7083969116211,0.2769653797149658,1.0588425397872925,0.0016474464209750295,1746420116.5653462
31.359375,0.0,1.0,4282,34008,0.014439046382904053,4281,0.7094659209251404,6577152,0.00911458395421505,1767.062650661,69.7083969116211,0.3105970621109009,1.075336217880249,0.0016474464209750295,1746420120.5953562
31.99609375,0.0,1.0,4333,34416,0.011723442003130913,4332,0.7094659209251404,6655488,0.009765625,1787.643985664,69.7083969116211,0.34971094131469727,1.0502020120620728,0.0016474464209750295,1746420141.1768079
30.35677146911621,0.0,1.0,4341,34480,0.015277160331606865,4340,0.7094659209251404,6667776,0.00911458395421505,1790.866297944,69.7083969116211,0.3051002025604248,1.0506830215454102,0.0016474464209750295,1746420144.3991215
31.86849021911621,0.0,1.0,4350,34552,0.013263248838484287,4349,0.7094659209251404,6681600,0.01106770895421505,1794.492218955,69.7083969116211,0.3328365385532379,1.065610647201538,0.0016474464209750295,1746420148.0250266
30.635417938232422,0.0,1.0,4367,34688,0.013332206755876541,4366,0.7094659209251404,6707712,0.009765625,1801.343921219,69.7083969116211,0.3236939311027527,1.059549331665039,0.0016474464209750295,1746420154.87676
31.303386688232422,0.0,1.0,4377,34768,0.018470024690032005,4376,0.7094659209251404,6723072,0.009765625,1805.371687329,69.7083969116211,0.33373674750328064,1.0693767070770264,0.0016474464209750295,1746420158.9044983
32.0625,0.0,1.0,4394,34904,0.021314408630132675,4393,0.7094659209251404,6749184,0.012369791977107525,1812.227530133,69.7083969116211,0.309460312128067,1.0515241622924805,0.0016474464209750295,1746420165.7603788
31.93489646911621,0.0,1.0,4402,34968,0.011887872591614723,4401,0.7094659209251404,6761472,0.01302083395421505,1815.450756791,69.7083969116211,0.3590265214443207,1.061713695526123,0.0016474464209750295,1746420168.9835644
32.00390625,0.0,1.0,4416,35080,0.01476267445832491,4415,0.7094659209251404,6782976,0.00911458395421505,1821.101941113,69.7083969116211,0.34663113951683044,1.0676770210266113,0.0016474464209750295,1746420174.634752
32.24088668823242,0.0,1.0,4425,35152,0.012907939031720161,4424,0.7094659209251404,6796800,0.01106770895421505,1824.727571164,69.7083969116211,0.36303895711898804,1.0541985034942627,0.0016474464209750295,1746420178.260403
31.779949188232422,0.0,1.0,4433,35216,0.02038637176156044,4432,0.7094659209251404,6809088,0.009765625,1827.95097183,69.7083969116211,0.33312851190567017,1.0568780899047852,0.0016474464209750295,1746420181.4837108
32.08984375,0.0,1.0,4436,35240,0.013848848640918732,4435,0.7094659209251404,6813696,0.009765625,1829.159355509,69.7083969116211,0.3421183228492737,1.0322773456573486,0.0016474464209750295,1746420182.6921344
31.91927146911621,0.0,1.0,4438,35256,0.010056449100375175,4437,0.7094659209251404,6816768,0.01171875,1829.965397951,69.7083969116211,0.3580591380596161,1.046093463897705,0.0016474464209750295,1746420183.498242
31.1015625,0.0,1.0,4439,35264,0.01040300726890564,4438,0.7094659209251404,6818304,0.009765625,1830.368352907,69.7083969116211,0.3252989649772644,1.0555164813995361,0.0016474464209750295,1746420183.9011788
32.07421875,0.0,1.0,4459,35424,0.031067438423633575,4458,0.7094659209251404,6849024,0.01171875,1838.433407504,69.7083969116211,0.34406226873397827,1.0796706676483154,0.0016474464209750295,1746420191.966219
32.31119918823242,0.0,1.0,4474,35544,0.00974048301577568,4473,0.7094659209251404,6872064,0.010416666977107525,1844.476116201,69.7083969116211,0.3671964108943939,1.0773282051086426,0.0016474464209750295,1746420198.0089421
32.321617126464844,0.0,1.0,4507,35808,0.011185845360159874,4506,0.7094659209251404,6922752,0.01171875,1857.777134657,69.7083969116211,0.3533002734184265,1.0879682302474976,0.0016474464209750295,1746420211.309958
31.955730438232422,0.0,1.0,4516,35880,0.016718745231628418,4515,0.7094659209251404,6936576,0.014322916977107525,1861.407801402,69.7083969116211,0.3574337959289551,1.0624440908432007,0.0016474464209750295,1746420214.9406435
29.846355438232422,0.0,1.0,4517,35888,0.020464710891246796,4516,0.7094659209251404,6938112,0.01171875,1861.810973147,69.7083969116211,0.32416296005249023,1.0628435611724854,0.0016474464209750295,1746420215.3437698
32.145835876464844,0.0,1.0,4531,36000,0.01226580049842596,4530,0.7094659209251404,6959616,0.013671875,1867.457946385,69.7083969116211,0.36394309997558594,1.093959093093872,0.0016474464209750295,1746420220.9907076
32.08984375,0.0,1.0,4544,36104,0.019071627408266068,4543,0.7094659209251404,6979584,0.013671875,1872.698496977,69.7083969116211,0.36714398860931396,1.0903178453445435,0.0016474464209750295,1746420226.2313433
32.157554626464844,0.0,1.0,4547,36128,0.010981835424900055,4546,0.7094659209251404,6984192,0.012369791977107525,1873.908628477,69.7083969116211,0.351813405752182,1.094189167022705,0.0016474464209750295,1746420227.4414263
32.13151168823242,0.0,1.0,4548,36136,0.05603466555476189,4547,0.7094659209251404,6985728,0.012369791977107525,1874.311229284,69.7083969116211,0.35454413294792175,1.1059372425079346,0.0016474464209750295,1746420227.8440301
31.38411521911621,0.0,1.0,4556,36200,0.01148270070552826,4555,0.7222300171852112,6998016,0.012369791977107525,1877.634088759,66.85076904296875,0.34646075963974,1.0950449705123901,0.004615384619683027,1746420231.166907
31.608074188232422,0.02864583395421505,1.0,4589,36464,0.013585641980171204,4588,0.7222300171852112,7048704,0.010416666977107525,1890.937920428,66.85076904296875,0.3494492471218109,1.113814353942871,0.004615384619683027,1746420244.4707353
31.54036521911621,0.0,1.0,4657,37008,0.01372559554874897,4656,0.7222300171852112,7153152,0.01106770895421505,1918.34360596,66.85076904296875,0.3224697709083557,1.0959635972976685,0.004615384619683027,1746420271.876431
32.17838668823242,0.0,1.0,4690,37272,0.013515884056687355,4689,0.7222300171852112,7203840,0.01171875,1931.642510993,66.85076904296875,0.34104228019714355,1.0926681756973267,0.004615384619683027,1746420285.1753287
32.14453125,0.0,1.0,4692,37288,0.01568760722875595,4691,0.7222300171852112,7206912,0.01106770895421505,1932.448025588,66.85076904296875,0.3518717288970947,1.0996791124343872,0.004615384619683027,1746420285.9808285
32.372398376464844,0.0,1.0,4720,37512,0.0159701406955719,4719,0.7222300171852112,7249920,0.01171875,1943.726726517,66.85076904296875,0.3371548652648926,1.093977689743042,0.004615384619683027,1746420297.259552
30.85677146911621,0.0,1.0,4724,37544,0.015111946500837803,4723,0.7222300171852112,7256064,0.009765625,1945.338738804,66.85076904296875,0.3117794096469879,1.086608648300171,0.004615384619683027,1746420298.8715441
31.61067771911621,0.0,1.0,4743,37696,0.016256043687462807,4742,0.7222300171852112,7285248,0.010416666977107525,1953.005614667,66.85076904296875,0.3321087956428528,1.0898844003677368,0.004615384619683027,1746420306.5384185
31.53255271911621,0.0,1.0,4758,37816,0.02936740778386593,4757,0.7222300171852112,7308288,0.010416666977107525,1959.05651095,66.85076904296875,0.33711230754852295,1.0775941610336304,0.004615384619683027,1746420312.5893283
31.971355438232422,0.0,1.0,4779,37984,0.02576209232211113,4778,0.7222300171852112,7340544,0.009765625,1967.522328152,66.85076904296875,0.333047091960907,1.0997908115386963,0.004615384619683027,1746420321.055158
30.21614646911621,0.0,1.0,4783,38016,0.03221544250845909,4782,0.7222300171852112,7346688,0.008463541977107525,1969.133946325,66.85076904296875,0.31355953216552734,1.1036696434020996,0.004615384619683027,1746420322.6667466
30.776042938232422,0.0,1.0,4784,38024,0.021512815728783607,4783,0.7222300171852112,7348224,0.01171875,1969.536998745,66.85076904296875,0.29463768005371094,1.094665765762329,0.004615384619683027,1746420323.0698006
31.10546875,0.0,1.0,4791,38080,0.01909160614013672,4790,0.7222300171852112,7358976,0.0078125,1972.359655431,66.85076904296875,0.3215910792350769,1.0982391834259033,0.004615384619683027,1746420325.8924568
31.09765625,0.0,1.0,4793,38096,0.020855318754911423,4792,0.7222300171852112,7362048,0.00911458395421505,1973.165333074,66.85076904296875,0.3189888894557953,1.1110424995422363,0.004615384619683027,1746420326.698138
31.9375,0.0,1.0,4813,38256,0.027386482805013657,4812,0.7222300171852112,7392768,0.00911458395421505,1981.224254086,66.85076904296875,0.342282772064209,1.1101107597351074,0.004615384619683027,1746420334.7570746
32.109375,0.0,1.0,4814,38264,0.01852690987288952,4813,0.7222300171852112,7394304,0.00911458395421505,1981.62678454,66.85076904296875,0.33589500188827515,1.0883703231811523,0.004615384619683027,1746420335.1595943
31.5859375,0.0,1.0,4815,38272,0.018330629914999008,4814,0.7222300171852112,7395840,0.009765625,1982.02956689,66.85076904296875,0.322505921125412,1.085252046585083,0.004615384619683027,1746420335.5623918
29.998699188232422,0.0,1.0,4829,38384,0.021612664684653282,4828,0.7222300171852112,7417344,0.00911458395421505,1987.671854798,66.85076904296875,0.30515894293785095,1.1109756231307983,0.004615384619683027,1746420341.2046828
31.6640625,0.0,1.0,4843,38496,0.028957005590200424,4842,0.7222300171852112,7438848,0.00911458395421505,1993.316719453,66.85076904296875,0.3393041491508484,1.0938599109649658,0.004615384619683027,1746420346.8495476
30.43489646911621,0.0,1.0,4862,38648,0.02327941358089447,4861,0.7222300171852112,7468032,0.010416666977107525,2000.977596585,66.85076904296875,0.30872172117233276,1.0851144790649414,0.004615384619683027,1746420354.510416
32.01171875,0.0,1.0,4864,38664,0.020100990310311317,4863,0.7222300171852112,7471104,0.00911458395421505,2001.783346975,66.85076904296875,0.35256725549697876,1.0748307704925537,0.004615384619683027,1746420355.3159754
31.748699188232422,0.0,1.0,4895,38912,0.026800060644745827,4894,0.7631044387817383,7518720,0.008463541977107525,2014.375829029,70.03658294677734,0.33623629808425903,1.077910304069519,0.019163763150572777,1746420367.9085872
31.14453125,0.0,1.0,4903,38976,0.03087765723466873,4902,0.7631044387817383,7531008,0.010416666977107525,2017.598373978,70.03658294677734,0.3312646746635437,1.076782464981079,0.019163763150572777,1746420371.1312373
31.88802146911621,0.0,1.0,4918,39096,0.025129716843366623,4917,0.7631044387817383,7554048,0.00911458395421505,2023.649785194,70.03658294677734,0.33650916814804077,1.0805180072784424,0.019163763150572777,1746420377.1826031
31.217449188232422,0.0,1.0,4919,39104,0.030398743227124214,4918,0.7631044387817383,7555584,0.009765625,2024.052190742,70.03658294677734,0.32889324426651,1.0872248411178589,0.019163763150572777,1746420377.5850174
32.10026168823242,0.0,1.0,4922,39128,0.022081853821873665,4921,0.7631044387817383,7560192,0.010416666977107525,2025.260485192,70.03658294677734,0.3453989028930664,1.0780069828033447,0.019163763150572777,1746420378.7932909
30.6640625,0.0,1.0,4929,39184,0.035490360110998154,4928,0.7631044387817383,7570944,0.008463541977107525,2028.080493616,70.03658294677734,0.30682653188705444,1.0784015655517578,0.019163763150572777,1746420381.6133027
31.47265625,0.0,1.0,4949,39344,0.042564887553453445,4948,0.7631044387817383,7601664,0.008463541977107525,2036.137938349,70.03658294677734,0.31408262252807617,1.0944985151290894,0.019163763150572777,1746420389.6707473
32.125,0.0,1.0,4958,39416,0.033031560480594635,4957,0.7631044387817383,7615488,0.01171875,2039.763163025,70.03658294677734,0.3578002154827118,1.0838801860809326,0.019163763150572777,1746420393.2959735
32.110679626464844,0.0,1.0,4960,39432,0.02883167378604412,4959,0.7631044387817383,7618560,0.012369791977107525,2040.575955136,70.03658294677734,0.36268186569213867,1.064821720123291,0.019163763150572777,1746420394.108763
30.729167938232422,0.0,1.0,4964,39464,0.027048146352171898,4963,0.7631044387817383,7624704,0.01302083395421505,2042.188680561,70.03658294677734,0.32233989238739014,1.0750994682312012,0.019163763150572777,1746420395.721506
31.79427146911621,0.0,1.0,4972,39528,0.028902703896164894,4971,0.7631044387817383,7636992,0.01171875,2045.41127846,70.03658294677734,0.32313379645347595,1.0465267896652222,0.019163763150572777,1746420398.9441035
31.5546875,0.0,1.0,4978,39576,0.029198210686445236,4977,0.7631044387817383,7646208,0.00911458395421505,2047.82773454,70.03658294677734,0.32620981335639954,1.0407257080078125,0.019163763150572777,1746420401.3605406
31.79817771911621,0.0,1.0,4986,39640,0.06516428291797638,4985,0.7631044387817383,7658496,0.013671875,2051.055813813,70.03658294677734,0.341158002614975,1.0232294797897339,0.019163763150572777,1746420404.588625
32.36328125,0.0,1.0,4994,39704,0.027376532554626465,4993,0.7631044387817383,7670784,0.013671875,2054.278101627,70.03658294677734,0.34803447127342224,1.042234182357788,0.019163763150572777,1746420407.8109262
32.3515625,0.0,1.0,5020,39912,0.032321780920028687,5019,0.7631044387817383,7710720,0.01106770895421505,2064.767059371,70.03658294677734,0.35501497983932495,1.0612852573394775,0.019163763150572777,1746420418.2998757
32.09765625,0.0,1.0,5027,39968,0.032370567321777344,5026,0.7631044387817383,7721472,0.010416666977107525,2067.588013752,70.03658294677734,0.3393598794937134,1.0661253929138184,0.019163763150572777,1746420421.1208165
32.376304626464844,0.0,1.0,5046,40120,0.035017676651477814,5045,0.7631044387817383,7750656,0.00911458395421505,2075.248717607,70.03658294677734,0.3502020835876465,1.0553618669509888,0.019163763150572777,1746420428.7815168
31.06380271911621,0.0,1.0,5058,40216,0.03781839460134506,5057,0.7631044387817383,7769088,0.00911458395421505,2080.08330978,70.03658294677734,0.33196282386779785,1.0553914308547974,0.019163763150572777,1746420433.6160982
32.20182418823242,0.0,1.0,5063,40256,0.0303054116666317,5062,0.7631044387817383,7776768,0.009765625,2082.100488981,70.03658294677734,0.34276342391967773,1.0535812377929688,0.019163763150572777,1746420435.633312
32.059898376464844,0.0,1.0,5066,40280,0.030130289494991302,5065,0.7631044387817383,7781376,0.01106770895421505,2083.308705033,70.03658294677734,0.3364555835723877,1.0349054336547852,0.019163763150572777,1746420436.8415322
32.21744918823242,0.0,1.0,5069,40304,0.04579845443367958,5068,0.7631044387817383,7785984,0.01106770895421505,2084.517534103,70.03658294677734,0.34295713901519775,1.0572717189788818,0.019163763150572777,1746420438.0502667
32.13151168823242,0.0,1.0,5076,40360,0.0417429581284523,5075,0.7631044387817383,7796736,0.01106770895421505,2087.339800192,70.03658294677734,0.347862184047699,1.0366919040679932,0.019163763150572777,1746420440.8726184
31.858074188232422,0.0,1.0,5086,40440,0.033865272998809814,5085,0.7631044387817383,7812096,0.010416666977107525,2091.371981562,70.03658294677734,0.3208911418914795,1.0236430168151855,0.019163763150572777,1746420444.9047205
32.25651168823242,0.0,1.0,5088,40456,0.027721349149942398,5087,0.7631044387817383,7815168,0.008463541977107525,2092.177852861,70.03658294677734,0.3395864963531494,1.032906174659729,0.019163763150572777,1746420445.7106712
31.88020896911621,0.0,1.0,5090,40472,0.02422947809100151,5089,0.7631044387817383,7818240,0.0078125,2092.983418663,70.03658294677734,0.33115512132644653,1.00526762008667,0.019163763150572777,1746420446.5162332
32.19921875,0.0,1.0,5093,40496,0.03592339903116226,5092,0.7631044387817383,7822848,0.010416666977107525,2094.191617352,70.03658294677734,0.3372926414012909,1.0542155504226685,0.019163763150572777,1746420447.7244449
30.4453125,0.0,1.0,5132,40808,0.03202315792441368,5131,0.7631044387817383,7882752,0.00911458395421505,2109.907538804,70.03658294677734,0.31778907775878906,1.003098726272583,0.019163763150572777,1746420463.4403622
31.80078125,0.0,1.0,5151,40960,0.02856893092393875,5150,0.7631044387817383,7911936,0.008463541977107525,2117.561988204,70.03658294677734,0.31485217809677124,1.0015326738357544,0.019163763150572777,1746420471.094808
32.18619918823242,0.0,1.0,5174,41144,0.024164991453289986,5173,0.7631044387817383,7947264,0.008463541977107525,2126.857623449,70.03658294677734,0.3261130452156067,1.0095685720443726,0.019163763150572777,1746420480.390444
31.033855438232422,0.0,1.0,5183,41216,0.027570031583309174,5182,0.7631044387817383,7961088,0.008463541977107525,2130.482728879,70.03658294677734,0.3068483769893646,1.0200564861297607,0.019163763150572777,1746420484.0155597
30.625,0.0,1.0,5191,41280,0.03334224224090576,5190,0.7631044387817383,7973376,0.008463541977107525,2133.707555829,70.03658294677734,0.3007599711418152,0.9937726855278015,0.019163763150572777,1746420487.2403378
30.88411521911621,0.0,1.0,5210,41432,0.026936285197734833,5209,0.7387528419494629,8002560,0.00911458395421505,2141.463514021,70.1275863647461,0.3084874749183655,0.9916448593139648,0.005172413773834705,1746420494.9963372
31.29817771911621,0.0,1.0,5236,41640,0.024585068225860596,5235,0.7387528419494629,8042496,0.008463541977107525,2151.943374872,70.1275863647461,0.3171977400779724,0.9755963087081909,0.005172413773834705,1746420505.4762092
28.908855438232422,0.0,1.0,5238,41656,0.020422272384166718,5237,0.7387528419494629,8045568,0.0078125,2152.749120984,70.1275863647461,0.2659531235694885,0.9537506103515625,0.005172413773834705,1746420506.2819526
31.158855438232422,0.0,1.0,5256,41800,0.02410990744829178,5255,0.7387528419494629,8073216,0.0078125,2160.001507815,70.1275863647461,0.3107045888900757,0.9772038459777832,0.005172413773834705,1746420513.5343597
31.186199188232422,0.0,1.0,5262,41848,0.020137693732976913,5261,0.7387528419494629,8082432,0.00911458395421505,2162.423754312,70.1275863647461,0.3058260381221771,0.9653096795082092,0.005172413773834705,1746420515.9565737
30.02864646911621,0.0,1.0,5267,41888,0.023671159520745277,5266,0.7387528419494629,8090112,0.00911458395421505,2164.438201764,70.1275863647461,0.2609727084636688,0.9677155017852783,0.005172413773834705,1746420517.9710422
31.08724021911621,0.0,1.0,5268,41896,0.026475058868527412,5267,0.7387528419494629,8091648,0.00911458395421505,2164.840852896,70.1275863647461,0.29628556966781616,0.9599403142929077,0.005172413773834705,1746420518.3737028
30.72265625,0.0,1.0,5271,41920,0.033452264964580536,5270,0.7387528419494629,8096256,0.0078125,2166.05215671,70.1275863647461,0.3054618239402771,1.0002866983413696,0.005172413773834705,1746420519.5849986
31.03515625,0.0,1.0,5311,42240,0.01946067437529564,5310,0.7387528419494629,8157696,0.00911458395421505,2182.170178453,70.1275863647461,0.3016156554222107,0.97441166639328,0.005172413773834705,1746420535.702934
29.23958396911621,0.0,1.0,5326,42360,0.02425011247396469,5325,0.7387528419494629,8180736,0.0078125,2188.212183832,70.1275863647461,0.2614617645740509,0.9668227434158325,0.005172413773834705,1746420541.7450125
31.66796875,0.0,1.0,5330,42392,0.021004481241106987,5329,0.7387528419494629,8186880,0.00911458395421505,2189.826935393,70.1275863647461,0.33540254831314087,0.978671669960022,0.005172413773834705,1746420543.359755
29.967449188232422,0.0,1.0,5335,42432,0.02745055966079235,5334,0.7387528419494629,8194560,0.00911458395421505,2191.842613158,70.1275863647461,0.2934976816177368,0.9813697338104248,0.005172413773834705,1746420545.3754284
31.276042938232422,0.0,1.0,5347,42528,0.018646202981472015,5346,0.7387528419494629,8212992,0.008463541977107525,2196.676716688,70.1275863647461,0.3186491131782532,0.9520859122276306,0.005172413773834705,1746420550.2095218
31.75,0.0345052108168602,1.0,5364,42664,0.023517418652772903,5363,0.7387528419494629,8239104,0.0078125,2203.529642192,70.1275863647461,0.36433976888656616,0.960783839225769,0.005172413773834705,1746420557.0624328
30.10677146911621,0.0,1.0,5381,42800,0.02321236953139305,5380,0.7387528419494629,8265216,0.008463541977107525,2210.381848778,70.1275863647461,0.2826738953590393,0.9631385207176208,0.005172413773834705,1746420563.9146812
30.53125,0.0,1.0,5435,43232,0.021311204880475998,5434,0.7387528419494629,8348160,0.01171875,2232.147181277,70.1275863647461,0.31326472759246826,0.9602658748626709,0.005172413773834705,1746420585.6800003
32.0234375,0.0,1.0,5440,43272,0.026090752333402634,5439,0.7387528419494629,8355840,0.009765625,2234.161453667,70.1275863647461,0.3247779607772827,0.9788616895675659,0.005172413773834705,1746420587.6942801
30.6015625,0.0,1.0,5464,43464,0.02876427210867405,5463,0.7387528419494629,8392704,0.008463541977107525,2243.832804254,70.1275863647461,0.3092946708202362,0.9440817832946777,0.005172413773834705,1746420597.365623
32.231773376464844,0.0,1.0,5475,43552,0.022777710109949112,5474,0.7387528419494629,8409600,0.01106770895421505,2248.265815587,70.1275863647461,0.3719949424266815,0.9697099328041077,0.005172413773834705,1746420601.7986453
31.9765625,0.0,1.0,5487,43648,0.03327830135822296,5486,0.7387528419494629,8428032,0.012369791977107525,2253.112885799,70.1275863647461,0.33743342757225037,0.9965963363647461,0.005172413773834705,1746420606.6456983
32.1171875,0.0,1.0,5493,43696,0.029325027018785477,5492,0.7387528419494629,8437248,0.014322916977107525,2255.532512107,70.1275863647461,0.3497507572174072,0.9631682634353638,0.005172413773834705,1746420609.0653613
32.009117126464844,0.0,1.0,5520,43912,0.034715693444013596,5519,0.7387528419494629,8478720,0.01302083395421505,2266.418779093,70.1275863647461,0.35453280806541443,0.9522493481636047,0.005172413773834705,1746420619.9516373
32.29557418823242,0.0,1.0,5523,43936,0.0341225303709507,5522,0.7387528419494629,8483328,0.01302083395421505,2267.627444617,70.1275863647461,0.3381069600582123,0.9499099254608154,0.005172413773834705,1746420621.1602836
32.31510543823242,0.0,0.9999999403953552,5547,44128,0.029294859617948532,5546,0.7091155052185059,8520192,0.01171875,2277.3931709,62.76485061645508,0.3484222888946533,0.9378584623336792,0.003792667295783758,1746420630.9260044
31.19921875,0.0,0.9999999403953552,5562,44248,0.03021422028541565,5561,0.7091155052185059,8543232,0.00911458395421505,2283.443094052,62.76485061645508,0.3384695053100586,0.9279327392578125,0.003792667295783758,1746420636.9758804
31.859375,0.0,0.9999999403953552,5576,44360,0.0334899015724659,5575,0.7091155052185059,8564736,0.010416666977107525,2289.081308562,62.76485061645508,0.34168410301208496,0.935149073600769,0.003792667295783758,1746420642.61412
32.03385543823242,0.0,0.9999999403953552,5579,44384,0.033190179616212845,5578,0.7091155052185059,8569344,0.00911458395421505,2290.289192362,62.76485061645508,0.3482202887535095,0.9297968149185181,0.003792667295783758,1746420643.8220172
31.9609375,0.029296875,0.9999999403953552,5588,44456,0.04344203323125839,5587,0.7091155052185059,8583168,0.01106770895421505,2293.918803299,62.76485061645508,0.3776441216468811,0.9433963298797607,0.003792667295783758,1746420647.4516125
32.329429626464844,0.0,0.9999999403953552,5596,44520,0.03783078491687775,5595,0.7091155052185059,8595456,0.01302083395421505,2297.142449755,62.76485061645508,0.3560450077056885,0.9682129621505737,0.003792667295783758,1746420650.67528
32.05729293823242,0.0,0.9999999403953552,5599,44544,0.036230653524398804,5598,0.7091155052185059,8600064,0.010416666977107525,2298.350584319,62.76485061645508,0.32671305537223816,0.947394847869873,0.003792667295783758,1746420651.8834095
32.31901168823242,0.0,0.9999999403953552,5601,44560,0.03527575358748436,5600,0.7091155052185059,8603136,0.01106770895421505,2299.156617096,62.76485061645508,0.3432551324367523,0.9632065296173096,0.003792667295783758,1746420652.6893213
31.944011688232422,0.02864583395421505,0.9999999403953552,5602,44568,0.041499245911836624,5601,0.7091155052185059,8604672,0.01171875,2299.567470642,62.76485061645508,0.37823304533958435,0.9710955619812012,0.003792667295783758,1746420653.1000938
32.376304626464844,0.0,0.9999999403953552,5609,44624,0.03127209097146988,5608,0.7091155052185059,8615424,0.010416666977107525,2302.411311473,62.76485061645508,0.359605997800827,0.9383623600006104,0.003792667295783758,1746420655.9441397
31.561199188232422,0.0,0.9999999403953552,5625,44752,0.031764209270477295,5624,0.7091155052185059,8640000,0.009765625,2308.857654218,62.76485061645508,0.3487030863761902,0.9456104040145874,0.003792667295783758,1746420662.3904965
32.399742126464844,0.0,0.9999999403953552,5644,44904,0.0394059419631958,5643,0.7091155052185059,8669184,0.01106770895421505,2316.514532643,62.76485061645508,0.3404195308685303,0.9205039739608765,0.003792667295783758,1746420670.0473518
30.760417938232422,0.0,0.9999999403953552,5678,45176,0.03677789121866226,5677,0.7091155052185059,8721408,0.00911458395421505,2330.209486592,62.76485061645508,0.31986260414123535,0.8794007897377014,0.003792667295783758,1746420683.7423203
31.20052146911621,0.0,0.9999999403953552,5696,45320,0.03626049682497978,5695,0.7091155052185059,8749056,0.00911458395421505,2337.464630504,62.76485061645508,0.33551108837127686,0.8229899406433105,0.003792667295783758,1746420690.9974718
31.8515625,0.0,0.9999999403953552,5702,45368,0.043364521116018295,5701,0.7091155052185059,8758272,0.008463541977107525,2339.880787781,62.76485061645508,0.33277398347854614,0.8223233222961426,0.003792667295783758,1746420693.4135513
31.182292938232422,0.0,0.9999999403953552,5709,45424,0.03217548131942749,5708,0.7091155052185059,8769024,0.010416666977107525,2342.706469644,62.76485061645508,0.3158547282218933,0.8116310238838196,0.003792667295783758,1746420696.2393122
31.791667938232422,0.0,0.9999999403953552,5712,45448,0.025519832968711853,5711,0.7091155052185059,8773632,0.009765625,2343.914323417,62.76485061645508,0.3271799683570862,0.8211594820022583,0.003792667295783758,1746420697.4471412
31.131511688232422,0.0,0.9999999403953552,5727,45568,0.04246377944946289,5726,0.7091155052185059,8796672,0.00911458395421505,2349.95983684,62.76485061645508,0.3267207145690918,0.8058251738548279,0.003792667295783758,1746420703.4926612
30.822917938232422,0.0,0.9999999403953552,5732,45608,0.0408746600151062,5731,0.7091155052185059,8804352,0.009765625,2351.981180777,62.76485061645508,0.2968711853027344,0.8093660473823547,0.003792667295783758,1746420705.5139694
32.00651168823242,0.0,0.9999999403953552,5755,45792,0.0303245410323143,5754,0.7091155052185059,8839680,0.0078125,2361.247956441,62.76485061645508,0.3351101279258728,0.7779137492179871,0.003792667295783758,1746420714.7806458
31.861980438232422,0.0,0.9999999403953552,5757,45808,0.02674984186887741,5756,0.7091155052185059,8842752,0.008463541977107525,2362.053677921,62.76485061645508,0.33421772718429565,0.779690146446228,0.003792667295783758,1746420715.5864773
31.23828125,0.0201822929084301,0.9999999403953552,5802,46168,0.0352143868803978,5801,0.7091155052185059,8911872,0.008463541977107525,2380.192081298,62.76485061645508,0.3348219394683838,0.8071578741073608,0.003792667295783758,1746420733.7248907
31.3828125,0.0,0.9999999403953552,5805,46192,0.0460234060883522,5804,0.7091155052185059,8916480,0.01171875,2381.400906196,62.76485061645508,0.3406902253627777,0.8231863975524902,0.003792667295783758,1746420734.9337373
32.20703125,0.0,0.9999999403953552,5807,46208,0.053293485194444656,5806,0.7091155052185059,8919552,0.01106770895421505,2382.20633373,62.76485061645508,0.32970350980758667,0.8026711940765381,0.003792667295783758,1746420735.7391346
31.955730438232422,0.0,0.9999999403953552,5811,46240,0.040132854133844376,5810,0.7091155052185059,8925696,0.009765625,2383.817876187,62.76485061645508,0.3254048824310303,0.804985761642456,0.003792667295783758,1746420737.350696
30.421875,0.0,0.9999999403953552,5819,46304,0.05107896775007248,5818,0.7091155052185059,8937984,0.010416666977107525,2387.042010834,62.76485061645508,0.31157252192497253,0.8161582946777344,0.003792667295783758,1746420740.57484
32.1015625,0.0,0.9999999403953552,5845,46512,0.04073890298604965,5844,0.7091155052185059,8977920,0.010416666977107525,2397.527469777,62.76485061645508,0.34781116247177124,0.8170315027236938,0.003792667295783758,1746420751.0603006
30.65755271911621,0.0,1.0,5858,46616,0.037320658564567566,5857,0.7292847633361816,8997888,0.01106770895421505,2402.863714214,68.91680145263672,0.3143579959869385,0.7960473299026489,0.008156606927514076,1746420756.3965046
31.53645896911621,0.0,1.0,5864,46664,0.043067533522844315,5863,0.7292847633361816,9007104,0.010416666977107525,2405.279650583,68.91680145263672,0.3393915593624115,0.7777193188667297,0.008156606927514076,1746420758.8124704
32.09765625,0.0,1.0,5879,46784,0.04505196958780289,5878,0.7292847633361816,9030144,0.009765625,2411.326983192,68.91680145263672,0.34121888875961304,0.7931838035583496,0.008156606927514076,1746420764.8598244
31.44661521911621,0.0,1.0,5880,46792,0.04360593110322952,5879,0.7292847633361816,9031680,0.009765625,2411.730290816,68.91680145263672,0.3536939322948456,0.7855734825134277,0.008156606927514076,1746420765.2630558
31.928386688232422,0.0,1.0,5885,46832,0.053756169974803925,5884,0.7292847633361816,9039360,0.01106770895421505,2413.744483445,68.91680145263672,0.34279966354370117,0.786849856376648,0.008156606927514076,1746420767.2772975
32.15494918823242,0.0,1.0,5905,46992,0.0386013388633728,5904,0.7292847633361816,9070080,0.009765625,2421.804560608,68.91680145263672,0.34692639112472534,0.7649220824241638,0.008156606927514076,1746420775.3373616
32.259117126464844,0.0,1.0,5907,47008,0.03997427225112915,5906,0.7292847633361816,9073152,0.01106770895421505,2422.610315701,68.91680145263672,0.35125160217285156,0.7514652609825134,0.008156606927514076,1746420776.1431265
32.29166793823242,0.0,1.0,5912,47048,0.03624371811747551,5911,0.7292847633361816,9080832,0.010416666977107525,2424.62404754,68.91680145263672,0.3589654862880707,0.773822009563446,0.008156606927514076,1746420778.1568763
32.040367126464844,0.0,1.0,5915,47072,0.042180135846138,5914,0.7292847633361816,9085440,0.01106770895421505,2425.832367635,68.91680145263672,0.3445868492126465,0.758092999458313,0.008156606927514076,1746420779.3652003
32.180992126464844,0.0,1.0,5921,47120,0.057731978595256805,5920,0.7292847633361816,9094656,0.010416666977107525,2428.249129784,68.91680145263672,0.3471071720123291,0.7851260900497437,0.008156606927514076,1746420781.7819448
32.14713668823242,0.0,1.0,5924,47144,0.04000835865736008,5923,0.7292847633361816,9099264,0.010416666977107525,2429.457060162,68.91680145263672,0.343406081199646,0.7827272415161133,0.008156606927514076,1746420782.989895
31.39583396911621,0.0240885429084301,1.0,5966,47480,0.05186792463064194,5965,0.7292847633361816,9163776,0.010416666977107525,2446.426003591,68.91680145263672,0.3466779887676239,0.7688117623329163,0.008156606927514076,1746420799.958819
32.134117126464844,0.0,1.0,5977,47568,0.04631601274013519,5976,0.7292847633361816,9180672,0.014322916977107525,2450.894705925,68.91680145263672,0.3406849801540375,0.8004425764083862,0.008156606927514076,1746420804.4275098
31.83203125,0.0,1.0,5981,47600,0.08795282989740372,5980,0.7292847633361816,9186816,0.01171875,2452.518309914,68.91680145263672,0.3515465259552002,0.7946481704711914,0.008156606927514076,1746420806.0510006
32.13541793823242,0.0,1.0,5992,47688,0.037731707096099854,5991,0.7292847633361816,9203712,0.010416666977107525,2456.989808068,68.91680145263672,0.338840126991272,0.7605695724487305,0.008156606927514076,1746420810.5225859
31.40755271911621,0.0,1.0,6014,47864,0.042838335037231445,6013,0.7292847633361816,9237504,0.01302083395421505,2465.9300635,68.91680145263672,0.3395934998989105,0.7789222002029419,0.008156606927514076,1746420819.4628694
32.32421875,0.0,1.0,6021,47920,0.04143848642706871,6020,0.7292847633361816,9248256,0.009765625,2468.765361646,68.91680145263672,0.35587823390960693,0.7645143866539001,0.008156606927514076,1746420822.2981422
32.0859375,0.0,1.0,6027,47968,0.03968387842178345,6026,0.7292847633361816,9257472,0.013671875,2471.187878033,68.91680145263672,0.3600425124168396,0.7823018431663513,0.008156606927514076,1746420824.7206714
32.305992126464844,0.0,1.0,6039,48064,0.04840954393148422,6038,0.7292847633361816,9275904,0.012369791977107525,2476.047441613,68.91680145263672,0.36098551750183105,0.8014024496078491,0.008156606927514076,1746420829.5802588
31.94270896911621,0.0,1.0,6050,48152,0.051940977573394775,6049,0.7292847633361816,9292800,0.009765625,2480.478698192,68.91680145263672,0.3257155418395996,0.8004273772239685,0.008156606927514076,1746420834.01152
32.27994918823242,0.0,1.0,6059,48224,0.04288315773010254,6058,0.7292847633361816,9306624,0.01171875,2484.104102223,68.91680145263672,0.34618160128593445,0.762750506401062,0.008156606927514076,1746420837.636939
32.21354293823242,0.0,1.0,6084,48424,0.04120822623372078,6083,0.7292847633361816,9345024,0.010416666977107525,2494.176843549,68.91680145263672,0.3524155020713806,0.7732256054878235,0.008156606927514076,1746420847.7096622
32.01432418823242,0.0,1.0,6093,48496,0.03809075057506561,6092,0.7292847633361816,9358848,0.01106770895421505,2497.803393184,68.91680145263672,0.3474423885345459,0.7544326782226562,0.008156606927514076,1746420851.33625
32.2265625,0.037109375,1.0,6102,48568,0.03022431954741478,6101,0.7292847633361816,9372672,0.012369791977107525,2501.428443527,68.91680145263672,0.3915711045265198,0.7089582681655884,0.008156606927514076,1746420854.9612725
32.298179626464844,0.0,1.0,6111,48640,0.03657381609082222,6110,0.7292847633361816,9386496,0.01171875,2505.054325451,68.91680145263672,0.342193067073822,0.7331835031509399,0.008156606927514076,1746420858.58716
32.328125,0.0,1.0,6124,48744,0.03808587044477463,6123,0.7292847633361816,9406464,0.012369791977107525,2510.293622359,68.91680145263672,0.36254918575286865,0.7096630334854126,0.008156606927514076,1746420863.8264313
32.26041793823242,0.0,1.0,6125,48752,0.042963895946741104,6124,0.7292847633361816,9408000,0.012369791977107525,2510.700425826,68.91680145263672,0.34837931394577026,0.7092281579971313,0.008156606927514076,1746420864.2332597
32.40234375,0.0,1.0,6146,48920,0.05025019496679306,6145,0.7292847633361816,9440256,0.01302083395421505,2519.161311392,68.91680145263672,0.35771283507347107,0.715052604675293,0.008156606927514076,1746420872.694122
32.18359375,0.0,1.0,6147,48928,0.038307011127471924,6146,0.7292847633361816,9441792,0.012369791977107525,2519.564022244,68.91680145263672,0.3488698899745941,0.7080732583999634,0.008156606927514076,1746420873.0968258
32.01823043823242,0.0,1.0,6165,49072,0.059226665645837784,6164,0.7292847633361816,9469440,0.01302083395421505,2526.819513989,68.91680145263672,0.3506053388118744,0.6879716515541077,0.008156606927514076,1746420880.3523371
32.08463668823242,0.0,1.0,6169,49104,0.06474620848894119,6168,0.7292847633361816,9475584,0.009765625,2528.431533961,68.91680145263672,0.32028430700302124,0.7036857008934021,0.008156606927514076,1746420881.9643655
31.63020896911621,0.0,1.0,6176,49160,0.04412456601858139,6175,0.7229428291320801,9486336,0.010416666977107525,2531.351447991,68.15888214111328,0.33439478278160095,0.683302640914917,0.0046728975139558315,1746420884.884288
31.859375,0.0,1.0,6194,49304,0.049456365406513214,6193,0.7229428291320801,9513984,0.009765625,2538.604460683,68.15888214111328,0.33725690841674805,0.7259278297424316,0.0046728975139558315,1746420892.1372495
32.091148376464844,0.0,1.0,6195,49312,0.054617710411548615,6194,0.7229428291320801,9515520,0.009765625,2539.007382133,68.15888214111328,0.334469735622406,0.7255871891975403,0.0046728975139558315,1746420892.5402048
31.57421875,0.033203125,1.0,6229,49584,0.07479759305715561,6228,0.7229428291320801,9567744,0.009765625,2552.71870532,68.15888214111328,0.35405462980270386,0.7664231657981873,0.0046728975139558315,1746420906.2515154
32.102867126464844,0.0,1.0,6262,49848,0.05836234986782074,6261,0.7229428291320801,9618432,0.009765625,2566.018729201,68.15888214111328,0.34685611724853516,0.7482587695121765,0.0046728975139558315,1746420919.5515277
32.25390625,0.0,1.0,6267,49888,0.0790490061044693,6266,0.7229428291320801,9626112,0.01106770895421505,2568.032506876,68.15888214111328,0.3526611328125,0.745296061038971,0.0046728975139558315,1746420921.5653052
32.37369918823242,0.0,1.0,6288,50056,0.0512663796544075,6287,0.7229428291320801,9658368,0.01171875,2576.495243982,68.15888214111328,0.3635880947113037,0.711783766746521,0.0046728975139558315,1746420930.028076
31.73046875,0.0,1.0,6292,50088,0.04609595611691475,6291,0.7229428291320801,9664512,0.010416666977107525,2578.106044782,68.15888214111328,0.3383045792579651,0.6916778683662415,0.0046728975139558315,1746420931.6388218
31.21614646911621,0.0,1.0,6323,50336,0.038500264286994934,6322,0.7229428291320801,9712128,0.010416666977107525,2590.609730135,68.15888214111328,0.33032292127609253,0.6582271456718445,0.0046728975139558315,1746420944.1425614
31.890625,0.0319010429084301,1.0,6328,50376,0.045377716422080994,6327,0.7229428291320801,9719808,0.009765625,2592.626074999,68.15888214111328,0.38356852531433105,0.6858341693878174,0.0046728975139558315,1746420946.1588714
31.748699188232422,0.0,1.0,6329,50384,0.05933285132050514,6328,0.7229428291320801,9721344,0.00911458395421505,2593.0292615,68.15888214111328,0.3431262969970703,0.6828800439834595,0.0046728975139558315,1746420946.562049
32.203125,0.0,1.0,6347,50528,0.06683476269245148,6346,0.7229428291320801,9748992,0.012369791977107525,2600.283578856,68.15888214111328,0.3460586965084076,0.6868535876274109,0.0046728975139558315,1746420953.8163993
31.6171875,0.0,1.0,6359,50624,0.037648435682058334,6358,0.7229428291320801,9767424,0.009765625,2605.122672113,68.15888214111328,0.32127928733825684,0.6633550524711609,0.0046728975139558315,1746420958.6554675
30.361980438232422,0.0,1.0,6396,50920,0.03459429740905762,6395,0.7229428291320801,9824256,0.009765625,2620.032576446,68.15888214111328,0.2923605442047119,0.6305652856826782,0.0046728975139558315,1746420973.565379
30.897136688232422,0.0,1.0,6412,51048,0.034514181315898895,6411,0.7229428291320801,9848832,0.00911458395421505,2626.479538094,68.15888214111328,0.30466753244400024,0.6245416402816772,0.0046728975139558315,1746420980.0123703
29.61067771911621,0.0,1.0,6414,51064,0.04215211421251297,6413,0.7229428291320801,9851904,0.00911458395421505,2627.285204551,68.15888214111328,0.279236763715744,0.6496301889419556,0.0046728975139558315,1746420980.8180153
31.15234375,0.0,1.0,6418,51096,0.03749658167362213,6417,0.7229428291320801,9858048,0.008463541977107525,2628.895953964,68.15888214111328,0.29976779222488403,0.626470148563385,0.0046728975139558315,1746420982.428762
31.8984375,0.0,1.0,6420,51112,0.035829465836286545,6419,0.7229428291320801,9861120,0.010416666977107525,2629.701150273,68.15888214111328,0.31920450925827026,0.6502200365066528,0.0046728975139558315,1746420983.2339659
32.06640625,0.0,1.0,6424,51144,0.037023238837718964,6423,0.7229428291320801,9867264,0.00911458395421505,2631.312951462,68.15888214111328,0.33124497532844543,0.6604169607162476,0.0046728975139558315,1746420984.845769
29.522136688232422,0.0,1.0,6427,51168,0.04809766635298729,6426,0.7229428291320801,9871872,0.00911458395421505,2632.521740019,68.15888214111328,0.2791998088359833,0.6410542726516724,0.0046728975139558315,1746420986.0544696
31.377605438232422,0.0,1.0,6435,51232,0.03163957968354225,6434,0.7229428291320801,9884160,0.009765625,2635.745044044,68.15888214111328,0.3213951885700226,0.6259905695915222,0.0046728975139558315,1746420989.277877
30.651042938232422,0.0,1.0,6445,51312,0.03615371882915497,6444,0.7229428291320801,9899520,0.00911458395421505,2639.777273232,68.15888214111328,0.2936643064022064,0.6379375457763672,0.0046728975139558315,1746420993.310071
31.38411521911621,0.0,1.0,6449,51344,0.05220206081867218,6448,0.7229428291320801,9905664,0.009765625,2641.388292023,68.15888214111328,0.3184750974178314,0.6674636006355286,0.0046728975139558315,1746420994.921128
30.52474021911621,0.0,1.0,6457,51408,0.026723742485046387,6456,0.7229428291320801,9917952,0.008463541977107525,2644.612482242,68.15888214111328,0.29891595244407654,0.6270231008529663,0.0046728975139558315,1746420998.1452663
30.90234375,0.0,1.0,6482,51608,0.027785927057266235,6481,0.7229428291320801,9956352,0.01106770895421505,2654.706970451,68.15888214111328,0.31293532252311707,0.6420781016349792,0.0046728975139558315,1746421008.2397635
30.91015625,0.0,1.0,6485,51632,0.02664608508348465,6484,0.7229428291320801,9960960,0.008463541977107525,2655.916898611,68.15888214111328,0.3047679662704468,0.6503123641014099,0.0046728975139558315,1746421009.4497025
31.604167938232422,0.0,1.0,6496,51720,0.02533222734928131,6495,0.7229428291320801,9977856,0.009765625,2660.351476407,68.15888214111328,0.32887813448905945,0.6422637104988098,0.0046728975139558315,1746421013.8842676
